0.000000000000000000e+00
5.000000000000000278e-02
1.000000000000000056e-01
1.500000000000000222e-01
2.000000000000000111e-01
2.500000000000000000e-01
3.000000000000000444e-01
3.500000000000000333e-01
4.000000000000000222e-01
4.500000000000000111e-01
5.000000000000000000e-01
5.500000000000000444e-01
6.000000000000000888e-01
6.500000000000000222e-01
7.000000000000000666e-01
7.500000000000000000e-01
8.000000000000000444e-01
8.000000000000000444e-01
8.102564102564102644e-01
8.205128205128205954e-01
8.307692307692308153e-01
8.410256410256410353e-01
8.512820512820513663e-01
8.615384615384615863e-01
8.717948717948718063e-01
8.820512820512820262e-01
8.923076923076923572e-01
9.025641025641025772e-01
9.128205128205129082e-01
9.230769230769231282e-01
9.333333333333333481e-01
9.435897435897435681e-01
9.538461538461538991e-01
9.641025641025641191e-01
9.743589743589743390e-01
9.846153846153846700e-01
9.948717948717948900e-01
1.005128205128205110e+00
1.015384615384615330e+00
1.025641025641025550e+00
1.035897435897435992e+00
1.046153846153846212e+00
1.056410256410256432e+00
1.066666666666666652e+00
1.076923076923076872e+00
1.087179487179487314e+00
1.097435897435897534e+00
1.107692307692307754e+00
1.117948717948717974e+00
1.128205128205128194e+00
1.138461538461538414e+00
1.148717948717948634e+00
1.158974358974358854e+00
1.169230769230769074e+00
1.179487179487179516e+00
1.189743589743589736e+00
1.199999999999999956e+00
1.199999999999999956e+00
1.250000000000000000e+00
1.300000000000000044e+00
1.350000000000000089e+00
1.399999999999999911e+00
1.449999999999999956e+00
1.500000000000000000e+00
0.000000000000000000e+00
5.001249875024993408e-02
1.000249975004998682e-01
1.500374962507498022e-01
2.000499950009997363e-01
2.500624937512496704e-01
3.000749925014996045e-01
3.500874912517495385e-01
4.000999900019994726e-01
4.501124887522494067e-01
5.001249875024993408e-01
5.501374862527492748e-01
6.001499850029992089e-01
6.501624837532491430e-01
7.001749825034990771e-01
7.501874812537490111e-01
8.001999800039989452e-01
8.001999800039989452e-01
8.104563902604091652e-01
8.207128005168194962e-01
8.309692107732297162e-01
8.412256210296399361e-01
8.514820312860502671e-01
8.617384415424604871e-01
8.719948517988707071e-01
8.822512620552809270e-01
8.925076723116912580e-01
9.027640825681014780e-01
9.130204928245118090e-01
9.232769030809220290e-01
9.335333133373322489e-01
9.437897235937424689e-01
9.540461338501527999e-01
9.643025441065630199e-01
9.745589543629732399e-01
9.848153646193835709e-01
9.950717748757937908e-01
1.005328185132204011e+00
1.015584595388614231e+00
1.025841005645024673e+00
1.036097415901434893e+00
1.046353826157845113e+00
1.056610236414255333e+00
1.066866646670665553e+00
1.077123056927075773e+00
1.087379467183485993e+00
1.097635877439896213e+00
1.107892287696306655e+00
1.118148697952716875e+00
1.128405108209127095e+00
1.138661518465537315e+00
1.148917928721947534e+00
1.159174338978357977e+00
1.169430749234768196e+00
1.179687159491178416e+00
1.189943569747588636e+00
1.200199980003998856e+00
1.200199980003998856e+00
1.260159984003199174e+00
1.320119988002399269e+00
1.380079992001599587e+00
1.440039996000799682e+00
1.500000000000000000e+00
0.000000000000000000e+00
5.004998001598402746e-02
1.000999600319680549e-01
1.501499400479520685e-01
2.001999200639361098e-01
2.502499000799201512e-01
3.002998800959041370e-01
3.503498601118881783e-01
4.003998401278722197e-01
4.504498201438562610e-01
5.004998001598403023e-01
5.505497801758243437e-01
6.005997601918082740e-01
6.506497402077923153e-01
7.006997202237763567e-01
7.507497002397603980e-01
8.007996802557444393e-01
8.007996802557444393e-01
8.110560905121546593e-01
8.213125007685649903e-01
8.315689110249752103e-01
8.418253212813854303e-01
8.520817315377957613e-01
8.623381417942059812e-01
8.725945520506162012e-01
8.828509623070264212e-01
8.931073725634367522e-01
9.033637828198469721e-01
9.136201930762573031e-01
9.238766033326675231e-01
9.341330135890777431e-01
9.443894238454879630e-01
9.546458341018982940e-01
9.649022443583085140e-01
9.751586546147187340e-01
9.854150648711290650e-01
9.956714751275392850e-01
1.005927885383949505e+00
1.016184295640359725e+00
1.026440705896769945e+00
1.036697116153180387e+00
1.046953526409590607e+00
1.057209936666000827e+00
1.067466346922411047e+00
1.077722757178821267e+00
1.087979167435231709e+00
1.098235577691641929e+00
1.108491987948052149e+00
1.118748398204462369e+00
1.129004808460872589e+00
1.139261218717282809e+00
1.149517628973693029e+00
1.159774039230103249e+00
1.170030449486513469e+00
1.180286859742923911e+00
1.190543269999334131e+00
1.200799680255744351e+00
1.200799680255744351e+00
1.260639744204595569e+00
1.320479808153446566e+00
1.380319872102297785e+00
1.440159936051148781e+00
1.500000000000000000e+00
0.000000000000000000e+00
5.011239893184096794e-02
1.002247978636819359e-01
1.503371967955229038e-01
2.004495957273638718e-01
2.505619946592048120e-01
3.006743935910458076e-01
3.507867925228868033e-01
4.008991914547277435e-01
4.510115903865686837e-01
5.011239893184096239e-01
5.512363882502506751e-01
6.013487871820916153e-01
6.514611861139325555e-01
7.015735850457736067e-01
7.516859839776145469e-01
8.017983829094554871e-01
8.017983829094554871e-01
8.120547931658657070e-01
8.223112034222760380e-01
8.325676136786862580e-01
8.428240239350964780e-01
8.530804341915068090e-01
8.633368444479170289e-01
8.735932547043272489e-01
8.838496649607374689e-01
8.941060752171477999e-01
9.043624854735580199e-01
9.146188957299683508e-01
9.248753059863785708e-01
9.351317162427887908e-01
9.453881264991990108e-01
9.556445367556093418e-01
9.659009470120195617e-01
9.761573572684297817e-01
9.864137675248401127e-01
9.966701777812503327e-01
1.006926588037660553e+00
1.017182998294070773e+00
1.027439408550481215e+00
1.037695818806891435e+00
1.047952229063301655e+00
1.058208639319711875e+00
1.068465049576122095e+00
1.078721459832532314e+00
1.088977870088942534e+00
1.099234280345352754e+00
1.109490690601763196e+00
1.119747100858173416e+00
1.130003511114583636e+00
1.140259921370993856e+00
1.150516331627404076e+00
1.160772741883814518e+00
1.171029152140224738e+00
1.181285562396634958e+00
1.191541972653045178e+00
1.201798382909455398e+00
1.201798382909455398e+00
1.261438706327564274e+00
1.321079029745673150e+00
1.380719353163782248e+00
1.440359676581891124e+00
1.500000000000000000e+00
0.000000000000000000e+00
5.019968101992226817e-02
1.003993620398445363e-01
1.505990430597667906e-01
2.007987240796890727e-01
2.509984050996113547e-01
3.011980861195335812e-01
3.513977671394558633e-01
4.015974481593781453e-01
4.517971291793004274e-01
5.019968101992227094e-01
5.521964912191449359e-01
6.023961722390671625e-01
6.525958532589895000e-01
7.027955342789117266e-01
7.529952152988340641e-01
8.031948963187562907e-01
8.031948963187562907e-01
8.134513065751665106e-01
8.237077168315768416e-01
8.339641270879870616e-01
8.442205373443972816e-01
8.544769476008076126e-01
8.647333578572178325e-01
8.749897681136280525e-01
8.852461783700382725e-01
8.955025886264486035e-01
9.057589988828588234e-01
9.160154091392691544e-01
9.262718193956793744e-01
9.365282296520895944e-01
9.467846399084998144e-01
9.570410501649101453e-01
9.672974604213203653e-01
9.775538706777305853e-01
9.878102809341409163e-01
9.980666911905511363e-01
1.008323101446961356e+00
1.018579511703371576e+00
1.028835921959781796e+00
1.039092332216192238e+00
1.049348742472602458e+00
1.059605152729012678e+00
1.069861562985422898e+00
1.080117973241833118e+00
1.090374383498243560e+00
1.100630793754653780e+00
1.110887204011064000e+00
1.121143614267474220e+00
1.131400024523884440e+00
1.141656434780294660e+00
1.151912845036704880e+00
1.162169255293115100e+00
1.172425665549525320e+00
1.182682075805935762e+00
1.192938486062345982e+00
1.203194896318756202e+00
1.203194896318756202e+00
1.262555917055004917e+00
1.321916937791253632e+00
1.381277958527502570e+00
1.440638979263751285e+00
1.500000000000000000e+00
0.000000000000000000e+00
5.031172263200556216e-02
1.006234452640111243e-01
1.509351678960166865e-01
2.012468905280222486e-01
2.515586131600278108e-01
3.018703357920333730e-01
3.521820584240389351e-01
4.024937810560444973e-01
4.528055036880500595e-01
5.031172263200556216e-01
5.534289489520611838e-01
6.037406715840667459e-01
6.540523942160723081e-01
7.043641168480778703e-01
7.546758394800834324e-01
8.049875621120889946e-01
8.049875621120889946e-01
8.152439723684992146e-01
8.255003826249095455e-01
8.357567928813197655e-01
8.460132031377299855e-01
8.562696133941403165e-01
8.665260236505505365e-01
8.767824339069607564e-01
8.870388441633709764e-01
8.972952544197813074e-01
9.075516646761915274e-01
9.178080749326018584e-01
9.280644851890120783e-01
9.383208954454222983e-01
9.485773057018325183e-01
9.588337159582428493e-01
9.690901262146530692e-01
9.793465364710632892e-01
9.896029467274736202e-01
9.998593569838838402e-01
1.010115767240294060e+00
1.020372177496704280e+00
1.030628587753114722e+00
1.040884998009524942e+00
1.051141408265935162e+00
1.061397818522345382e+00
1.071654228778755602e+00
1.081910639035165822e+00
1.092167049291576042e+00
1.102423459547986262e+00
1.112679869804396704e+00
1.122936280060806924e+00
1.133192690317217144e+00
1.143449100573627364e+00
1.153705510830037584e+00
1.163961921086448026e+00
1.174218331342858246e+00
1.184474741599268466e+00
1.194731151855678686e+00
1.204987562112088906e+00
1.204987562112088906e+00
1.263990049689671213e+00
1.322992537267253299e+00
1.381995024844835607e+00
1.440997512422417692e+00
1.500000000000000000e+00
0.000000000000000000e+00
5.044839156007085990e-02
1.008967831201417198e-01
1.513451746802125797e-01
2.017935662402834396e-01
2.522419578003542995e-01
3.026903493604251594e-01
3.531387409204960193e-01
4.035871324805668792e-01
4.540355240406377391e-01
5.044839156007085990e-01
5.549323071607794589e-01
6.053806987208503188e-01
6.558290902809211786e-01
7.062774818409920385e-01
7.567258734010628984e-01
8.071742649611337583e-01
8.071742649611337583e-01
8.174306752175439783e-01
8.276870854739543093e-01
8.379434957303645293e-01
8.481999059867747492e-01
8.584563162431850802e-01
8.687127264995953002e-01
8.789691367560055202e-01
8.892255470124157402e-01
8.994819572688260712e-01
9.097383675252362911e-01
9.199947777816466221e-01
9.302511880380568421e-01
9.405075982944670621e-01
9.507640085508772820e-01
9.610204188072876130e-01
9.712768290636978330e-01
9.815332393201080530e-01
9.917896495765183840e-01
1.002046059832928604e+00
1.012302470089338824e+00
1.022558880345749044e+00
1.032815290602159486e+00
1.043071700858569706e+00
1.053328111114979926e+00
1.063584521371390146e+00
1.073840931627800366e+00
1.084097341884210586e+00
1.094353752140620806e+00
1.104610162397031026e+00
1.114866572653441468e+00
1.125122982909851688e+00
1.135379393166261908e+00
1.145635803422672128e+00
1.155892213679082348e+00
1.166148623935492790e+00
1.176405034191903010e+00
1.186661444448313230e+00
1.196917854704723450e+00
1.207174264961133670e+00
1.207174264961133670e+00
1.265739411968906936e+00
1.324304558976680202e+00
1.382869705984453468e+00
1.441434852992226734e+00
1.500000000000000000e+00
0.000000000000000000e+00
5.060952780682169416e-02
1.012190556136433883e-01
1.518285834204650686e-01
2.024381112272867766e-01
2.530476390341084847e-01
3.036571668409301372e-01
3.542666946477518453e-01
4.048762224545735533e-01
4.554857502613952613e-01
5.060952780682169694e-01
5.567048058750386774e-01
6.073143336818602744e-01
6.579238614886819825e-01
7.085333892955036905e-01
7.591429171023253986e-01
8.097524449091471066e-01
8.097524449091471066e-01
8.200088551655573266e-01
8.302652654219676576e-01
8.405216756783778775e-01
8.507780859347880975e-01
8.610344961911984285e-01
8.712909064476086485e-01
8.815473167040188684e-01
8.918037269604290884e-01
9.020601372168394194e-01
9.123165474732496394e-01
9.225729577296599704e-01
9.328293679860701904e-01
9.430857782424804103e-01
9.533421884988906303e-01
9.635985987553009613e-01
9.738550090117111813e-01
9.841114192681214012e-01
9.943678295245317322e-01
1.004624239780941952e+00
1.014880650037352172e+00
1.025137060293762392e+00
1.035393470550172612e+00
1.045649880806583054e+00
1.055906291062993274e+00
1.066162701319403494e+00
1.076419111575813714e+00
1.086675521832223934e+00
1.096931932088634376e+00
1.107188342345044596e+00
1.117444752601454816e+00
1.127701162857865036e+00
1.137957573114275256e+00
1.148213983370685476e+00
1.158470393627095696e+00
1.168726803883505916e+00
1.178983214139916136e+00
1.189239624396326578e+00
1.199496034652736798e+00
1.209752444909147018e+00
1.209752444909147018e+00
1.267801955927317703e+00
1.325851466945488166e+00
1.383900977963658852e+00
1.441950488981829315e+00
1.500000000000000000e+00
0.000000000000000000e+00
5.079494450586082011e-02
1.015898890117216402e-01
1.523848335175824742e-01
2.031797780234432804e-01
2.539747225293040866e-01
3.047696670351649484e-01
3.555646115410257546e-01
4.063595560468865608e-01
4.571545005527473671e-01
5.079494450586081733e-01
5.587443895644690350e-01
6.095393340703298968e-01
6.603342785761906475e-01
7.111292230820515092e-01
7.619241675879122599e-01
8.127191120937731217e-01
8.127191120937731217e-01
8.229755223501833417e-01
8.332319326065936727e-01
8.434883428630038926e-01
8.537447531194141126e-01
8.640011633758244436e-01
8.742575736322346636e-01
8.845139838886448835e-01
8.947703941450551035e-01
9.050268044014654345e-01
9.152832146578756545e-01
9.255396249142859855e-01
9.357960351706962054e-01
9.460524454271064254e-01
9.563088556835166454e-01
9.665652659399269764e-01
9.768216761963371964e-01
9.870780864527474163e-01
9.973344967091577473e-01
1.007590906965567967e+00
1.017847317221978187e+00
1.028103727478388407e+00
1.038360137734798627e+00
1.048616547991209069e+00
1.058872958247619289e+00
1.069129368504029509e+00
1.079385778760439729e+00
1.089642189016849949e+00
1.099898599273260391e+00
1.110155009529670611e+00
1.120411419786080831e+00
1.130667830042491051e+00
1.140924240298901271e+00
1.151180650555311491e+00
1.161437060811721711e+00
1.171693471068131931e+00
1.181949881324542151e+00
1.192206291580952593e+00
1.202462701837362813e+00
1.212719112093773033e+00
1.212719112093773033e+00
1.270175289675018471e+00
1.327631467256263909e+00
1.385087644837509124e+00
1.442543822418754562e+00
1.500000000000000000e+00
0.000000000000000000e+00
5.100442897940268838e-02
1.020088579588053768e-01
1.530132869382080651e-01
2.040177159176107535e-01
2.550221448970134697e-01
3.060265738764161303e-01
3.570310028558187909e-01
4.080354318352215071e-01
4.590398608146242232e-01
5.100442897940269393e-01
5.610487187734295444e-01
6.120531477528322606e-01
6.630575767322349767e-01
7.140620057116375818e-01
7.650664346910402980e-01
8.160708636704430141e-01
8.160708636704430141e-01
8.263272739268532341e-01
8.365836841832635651e-01
8.468400944396737851e-01
8.570965046960840050e-01
8.673529149524943360e-01
8.776093252089045560e-01
8.878657354653147760e-01
8.981221457217249959e-01
9.083785559781353269e-01
9.186349662345455469e-01
9.288913764909558779e-01
9.391477867473660979e-01
9.494041970037763178e-01
9.596606072601865378e-01
9.699170175165968688e-01
9.801734277730070888e-01
9.904298380294173088e-01
1.000686248285827640e+00
1.010942658542237860e+00
1.021199068798648080e+00
1.031455479055058300e+00
1.041711889311468742e+00
1.051968299567878962e+00
1.062224709824289182e+00
1.072481120080699402e+00
1.082737530337109622e+00
1.092993940593519842e+00
1.103250350849930062e+00
1.113506761106340281e+00
1.123763171362750724e+00
1.134019581619160943e+00
1.144275991875571163e+00
1.154532402131981383e+00
1.164788812388391603e+00
1.175045222644802045e+00
1.185301632901212265e+00
1.195558043157622485e+00
1.205814453414032705e+00
1.216070863670442925e+00
1.216070863670442925e+00
1.272856690936354340e+00
1.329642518202265755e+00
1.386428345468177170e+00
1.443214172734088585e+00
1.500000000000000000e+00
0.000000000000000000e+00
5.123774391990981725e-02
1.024754878398196345e-01
1.537132317597294517e-01
2.049509756796392690e-01
2.561887195995490862e-01
3.074264635194589035e-01
3.586642074393687207e-01
4.099019513592785380e-01
4.611396952791883552e-01
5.123774391990981725e-01
5.636151831190079342e-01
6.148529270389178070e-01
6.660906709588276797e-01
7.173284148787374415e-01
7.685661587986472032e-01
8.198039027185570760e-01
8.198039027185570760e-01
8.300603129749672959e-01
8.403167232313776269e-01
8.505731334877878469e-01
8.608295437441980669e-01
8.710859540006083979e-01
8.813423642570186178e-01
8.915987745134288378e-01
9.018551847698390578e-01
9.121115950262493888e-01
9.223680052826596087e-01
9.326244155390699397e-01
9.428808257954801597e-01
9.531372360518903797e-01
9.633936463083005997e-01
9.736500565647109307e-01
9.839064668211211506e-01
9.941628770775313706e-01
1.004419287333941702e+00
1.014675697590351922e+00
1.024932107846762142e+00
1.035188518103172362e+00
1.045444928359582804e+00
1.055701338615993023e+00
1.065957748872403243e+00
1.076214159128813463e+00
1.086470569385223683e+00
1.096726979641633903e+00
1.106983389898044123e+00
1.117239800154454343e+00
1.127496210410864785e+00
1.137752620667275005e+00
1.148009030923685225e+00
1.158265441180095445e+00
1.168521851436505665e+00
1.178778261692916107e+00
1.189034671949326327e+00
1.199291082205736547e+00
1.209547492462146767e+00
1.219803902718556987e+00
1.219803902718556987e+00
1.275843122174845634e+00
1.331882341631134281e+00
1.387921561087422706e+00
1.443960780543711353e+00
1.500000000000000000e+00
0.000000000000000000e+00
5.149462868085102896e-02
1.029892573617020579e-01
1.544838860425530869e-01
2.059785147234041158e-01
2.574731434042551448e-01
3.089677720851061737e-01
3.604624007659572027e-01
4.119570294468082317e-01
4.634516581276592606e-01
5.149462868085102896e-01
5.664409154893612630e-01
6.179355441702123475e-01
6.694301728510634319e-01
7.209248015319144054e-01
7.724194302127653788e-01
8.239140588936164633e-01
8.239140588936164633e-01
8.341704691500266833e-01
8.444268794064370143e-01
8.546832896628472342e-01
8.649396999192574542e-01
8.751961101756677852e-01
8.854525204320780052e-01
8.957089306884882252e-01
9.059653409448984451e-01
9.162217512013087761e-01
9.264781614577189961e-01
9.367345717141293271e-01
9.469909819705395471e-01
9.572473922269497670e-01
9.675038024833599870e-01
9.777602127397703180e-01
9.880166229961805380e-01
9.982730332525907579e-01
1.008529443509001089e+00
1.018785853765411309e+00
1.029042264021821529e+00
1.039298674278231749e+00
1.049555084534642191e+00
1.059811494791052411e+00
1.070067905047462631e+00
1.080324315303872851e+00
1.090580725560283071e+00
1.100837135816693291e+00
1.111093546073103511e+00
1.121349956329513731e+00
1.131606366585924173e+00
1.141862776842334393e+00
1.152119187098744613e+00
1.162375597355154833e+00
1.172632007611565053e+00
1.182888417867975495e+00
1.193144828124385715e+00
1.203401238380795935e+00
1.213657648637206155e+00
1.223914058893616374e+00
1.223914058893616374e+00
1.279131247114893011e+00
1.334348435336169869e+00
1.389565623557446505e+00
1.444782811778723364e+00
1.500000000000000000e+00
0.000000000000000000e+00
5.177480066091220967e-02
1.035496013218244193e-01
1.553244019827366151e-01
2.070992026436488387e-01
2.588740033045610622e-01
3.106488039654732303e-01
3.624236046263854538e-01
4.141984052872976774e-01
4.659732059482099009e-01
5.177480066091221245e-01
5.695228072700343480e-01
6.212976079309464605e-01
6.730724085918586841e-01
7.248472092527709076e-01
7.766220099136831312e-01
8.283968105745953547e-01
8.283968105745953547e-01
8.386532208310055747e-01
8.489096310874159057e-01
8.591660413438261257e-01
8.694224516002363456e-01
8.796788618566466766e-01
8.899352721130568966e-01
9.001916823694671166e-01
9.104480926258773366e-01
9.207045028822876676e-01
9.309609131386978875e-01
9.412173233951082185e-01
9.514737336515184385e-01
9.617301439079286585e-01
9.719865541643388784e-01
9.822429644207492094e-01
9.924993746771594294e-01
1.002755784933569760e+00
1.013012195189979980e+00
1.023268605446390200e+00
1.033525015702800420e+00
1.043781425959210640e+00
1.054037836215620860e+00
1.064294246472031302e+00
1.074550656728441522e+00
1.084807066984851742e+00
1.095063477241261962e+00
1.105319887497672182e+00
1.115576297754082624e+00
1.125832708010492844e+00
1.136089118266903064e+00
1.146345528523313284e+00
1.156601938779723504e+00
1.166858349036133724e+00
1.177114759292543944e+00
1.187371169548954164e+00
1.197627579805364384e+00
1.207883990061774826e+00
1.218140400318185046e+00
1.228396810574595266e+00
1.228396810574595266e+00
1.282717448459676168e+00
1.337038086344757071e+00
1.391358724229838195e+00
1.445679362114919098e+00
1.500000000000000000e+00
0.000000000000000000e+00
5.207795676544745012e-02
1.041559135308949002e-01
1.562338702963423365e-01
2.083118270617898005e-01
2.603897838272372645e-01
3.124677405926846729e-01
3.645456973581321369e-01
4.166236541235796009e-01
4.687016108890270649e-01
5.207795676544745289e-01
5.728575244199219929e-01
6.249354811853693459e-01
6.770134379508168099e-01
7.290913947162642739e-01
7.811693514817117379e-01
8.332473082471592019e-01
8.332473082471592019e-01
8.435037185035694218e-01
8.537601287599797528e-01
8.640165390163899728e-01
8.742729492728001928e-01
8.845293595292105238e-01
8.947857697856207437e-01
9.050421800420309637e-01
9.152985902984411837e-01
9.255550005548515147e-01
9.358114108112617346e-01
9.460678210676720656e-01
9.563242313240822856e-01
9.665806415804925056e-01
9.768370518369027256e-01
9.870934620933130565e-01
9.973498723497232765e-01
1.007606282606133608e+00
1.017862692862543827e+00
1.028119103118954047e+00
1.038375513375364267e+00
1.048631923631774487e+00
1.058888333888184707e+00
1.069144744144595149e+00
1.079401154401005369e+00
1.089657564657415589e+00
1.099913974913825809e+00
1.110170385170236029e+00
1.120426795426646471e+00
1.130683205683056691e+00
1.140939615939466911e+00
1.151196026195877131e+00
1.161452436452287351e+00
1.171708846708697571e+00
1.181965256965107791e+00
1.192221667221518011e+00
1.202478077477928231e+00
1.212734487734338673e+00
1.222990897990748893e+00
1.233247308247159113e+00
1.233247308247159113e+00
1.286597846597727246e+00
1.339948384948295379e+00
1.393298923298863734e+00
1.446649461649431867e+00
1.500000000000000000e+00
0.000000000000000000e+00
5.240377492873585230e-02
1.048075498574717046e-01
1.572113247862075569e-01
2.096150997149434092e-01
2.620188746436792337e-01
3.144226495724151138e-01
3.668264245011509939e-01
4.192301994298868184e-01
4.716339743586226430e-01
5.240377492873584675e-01
5.764415242160944031e-01
6.288452991448302276e-01
6.812490740735660522e-01
7.336528490023019877e-01
7.860566239310378123e-01
8.384603988597736368e-01
8.384603988597736368e-01
8.487168091161838568e-01
8.589732193725941878e-01
8.692296296290044078e-01
8.794860398854146277e-01
8.897424501418249587e-01
8.999988603982351787e-01
9.102552706546453987e-01
9.205116809110556186e-01
9.307680911674659496e-01
9.410245014238761696e-01
9.512809116802865006e-01
9.615373219366967206e-01
9.717937321931069405e-01
9.820501424495171605e-01
9.923065527059274915e-01
1.002562962962337600e+00
1.012819373218748042e+00
1.023075783475158262e+00
1.033332193731568482e+00
1.043588603987978702e+00
1.053845014244388922e+00
1.064101424500799364e+00
1.074357834757209584e+00
1.084614245013619804e+00
1.094870655270030024e+00
1.105127065526440244e+00
1.115383475782850464e+00
1.125639886039260684e+00
1.135896296295670904e+00
1.146152706552081346e+00
1.156409116808491566e+00
1.166665527064901786e+00
1.176921937321312006e+00
1.187178347577722226e+00
1.197434757834132668e+00
1.207691168090542888e+00
1.217947578346953108e+00
1.228203988603363328e+00
1.238460398859773548e+00
1.238460398859773548e+00
1.290768319087818750e+00
1.343076239315864173e+00
1.395384159543909375e+00
1.447692079771954798e+00
1.500000000000000000e+00
0.000000000000000000e+00
5.275191568069094450e-02
1.055038313613818890e-01
1.582557470420728474e-01
2.110076627227637780e-01
2.637595784034547086e-01
3.165114940841456947e-01
3.692634097648366254e-01
4.220153254455275560e-01
4.747672411262184866e-01
5.275191568069094172e-01
5.802710724876003479e-01
6.330229881682913895e-01
6.857749038489823201e-01
7.385268195296732507e-01
7.912787352103641814e-01
8.440306508910551120e-01
8.440306508910551120e-01
8.542870611474653320e-01
8.645434714038756630e-01
8.747998816602858829e-01
8.850562919166961029e-01
8.953127021731064339e-01
9.055691124295166539e-01
9.158255226859268738e-01
9.260819329423370938e-01
9.363383431987474248e-01
9.465947534551576448e-01
9.568511637115679758e-01
9.671075739679781957e-01
9.773639842243884157e-01
9.876203944807986357e-01
9.978768047372089667e-01
1.008133214993619298e+00
1.018389625250029518e+00
1.028646035506439738e+00
1.038902445762849958e+00
1.049158856019260178e+00
1.059415266275670398e+00
1.069671676532080618e+00
1.079928086788491060e+00
1.090184497044901279e+00
1.100440907301311499e+00
1.110697317557721719e+00
1.120953727814131939e+00
1.131210138070542381e+00
1.141466548326952601e+00
1.151722958583362821e+00
1.161979368839773041e+00
1.172235779096183261e+00
1.182492189352593481e+00
1.192748599609003701e+00
1.203005009865413921e+00
1.213261420121824141e+00
1.223517830378234583e+00
1.233774240634644803e+00
1.244030650891055023e+00
1.244030650891055023e+00
1.295224520712844107e+00
1.346418390534632969e+00
1.397612260356422054e+00
1.448806130178210916e+00
1.500000000000000000e+00
0.000000000000000000e+00
5.312202374203343902e-02
1.062440474840668780e-01
1.593660712261003032e-01
2.124880949681337561e-01
2.656101187101672090e-01
3.187321424522006064e-01
3.718541661942340593e-01
4.249761899362675122e-01
4.780982136783009651e-01
5.312202374203344180e-01
5.843422611623678709e-01
6.374642849044012127e-01
6.905863086464346656e-01
7.437083323884681185e-01
7.968303561305015714e-01
8.499523798725350243e-01
8.499523798725350243e-01
8.602087901289452443e-01
8.704652003853555753e-01
8.807216106417657953e-01
8.909780208981760152e-01
9.012344311545863462e-01
9.114908414109965662e-01
9.217472516674067862e-01
9.320036619238170061e-01
9.422600721802273371e-01
9.525164824366375571e-01
9.627728926930478881e-01
9.730293029494581081e-01
9.832857132058683280e-01
9.935421234622785480e-01
1.003798533718688768e+00
1.014054943975099210e+00
1.024311354231509430e+00
1.034567764487919650e+00
1.044824174744329870e+00
1.055080585000740090e+00
1.065336995257150310e+00
1.075593405513560530e+00
1.085849815769970972e+00
1.096106226026381192e+00
1.106362636282791412e+00
1.116619046539201632e+00
1.126875456795611852e+00
1.137131867052022294e+00
1.147388277308432514e+00
1.157644687564842734e+00
1.167901097821252954e+00
1.178157508077663174e+00
1.188413918334073394e+00
1.198670328590483614e+00
1.208926738846893834e+00
1.219183149103304054e+00
1.229439559359714496e+00
1.239695969616124716e+00
1.249952379872534936e+00
1.249952379872534936e+00
1.299961903898027904e+00
1.349971427923520872e+00
1.399980951949014063e+00
1.449990475974507032e+00
1.500000000000000000e+00
0.000000000000000000e+00
5.036586318358066833e-02
1.007317263671613367e-01
1.510975895507420119e-01
2.014634527343226733e-01
2.518293159179033625e-01
3.021951791014840238e-01
3.525610422850646852e-01
4.029269054686453466e-01
4.532927686522260080e-01
5.036586318358067249e-01
5.540244950193873308e-01
6.043903582029680477e-01
6.547562213865486536e-01
7.051220845701293705e-01
7.554879477537099763e-01
8.058538109372906932e-01
8.562196741208714101e-01
8.562196741208714101e-01
8.664760843772816301e-01
8.767324946336919611e-01
8.869889048901021811e-01
8.972453151465124010e-01
9.075017254029227320e-01
9.177581356593329520e-01
9.280145459157431720e-01
9.382709561721533920e-01
9.485273664285637230e-01
9.587837766849739429e-01
9.690401869413842739e-01
9.792965971977944939e-01
9.895530074542047139e-01
9.998094177106149338e-01
1.010065827967025154e+00
1.020322238223435374e+00
1.030578648479845816e+00
1.040835058736256036e+00
1.051091468992666256e+00
1.061347879249076476e+00
1.071604289505486696e+00
1.081860699761897138e+00
1.092117110018307358e+00
1.102373520274717578e+00
1.112629930531127798e+00
1.122886340787538018e+00
1.133142751043948238e+00
1.143399161300358458e+00
1.153655571556768678e+00
1.163911981813179120e+00
1.174168392069589339e+00
1.184424802325999559e+00
1.194681212582409779e+00
1.204937622838819999e+00
1.215194033095230441e+00
1.225450443351640661e+00
1.235706853608050881e+00
1.245963263864461101e+00
1.256219674120871321e+00
1.256219674120871321e+00
1.317164755590653602e+00
1.378109837060435661e+00
1.439054918530217719e+00
1.500000000000000000e+00
0.000000000000000000e+00
5.075449532040669787e-02
1.015089906408133957e-01
1.522634859612200797e-01
2.030179812816267915e-01
2.537724766020335032e-01
3.045269719224401594e-01
3.552814672428468712e-01
4.060359625632535829e-01
4.567904578836602947e-01
5.075449532040670064e-01
5.582994485244736627e-01
6.090539438448803189e-01
6.598084391652870861e-01
7.105629344856937424e-01
7.613174298061005096e-01
8.120719251265071659e-01
8.628264204469138221e-01
8.628264204469138221e-01
8.730828307033240421e-01
8.833392409597343731e-01
8.935956512161445930e-01
9.038520614725548130e-01
9.141084717289651440e-01
9.243648819853753640e-01
9.346212922417855840e-01
9.448777024981958039e-01
9.551341127546061349e-01
9.653905230110163549e-01
9.756469332674266859e-01
9.859033435238369059e-01
9.961597537802471258e-01
1.006416164036657346e+00
1.016672574293067566e+00
1.026928984549477786e+00
1.037185394805888228e+00
1.047441805062298448e+00
1.057698215318708668e+00
1.067954625575118888e+00
1.078211035831529108e+00
1.088467446087939550e+00
1.098723856344349770e+00
1.108980266600759990e+00
1.119236676857170210e+00
1.129493087113580430e+00
1.139749497369990650e+00
1.150005907626400870e+00
1.160262317882811089e+00
1.170518728139221531e+00
1.180775138395631751e+00
1.191031548652041971e+00
1.201287958908452191e+00
1.211544369164862411e+00
1.221800779421272853e+00
1.232057189677683073e+00
1.242313599934093293e+00
1.252570010190503513e+00
1.262826420446913733e+00
1.262826420446913733e+00
1.322119815335185411e+00
1.381413210223456867e+00
1.440706605111728322e+00
1.500000000000000000e+00
0.000000000000000000e+00
5.116272527207686022e-02
1.023254505441537204e-01
1.534881758162305876e-01
2.046509010883074409e-01
2.558136263603842941e-01
3.069763516324611752e-01
3.581390769045380007e-01
4.093018021766148817e-01
4.604645274486917628e-01
5.116272527207685883e-01
5.627899779928454693e-01
6.139527032649223504e-01
6.651154285369992314e-01
7.162781538090760014e-01
7.674408790811528824e-01
8.186036043532297635e-01
8.697663296253066445e-01
8.697663296253066445e-01
8.800227398817168645e-01
8.902791501381271955e-01
9.005355603945374154e-01
9.107919706509476354e-01
9.210483809073579664e-01
9.313047911637681864e-01
9.415612014201784064e-01
9.518176116765886263e-01
9.620740219329989573e-01
9.723304321894091773e-01
9.825868424458195083e-01
9.928432527022297283e-01
1.003099662958639948e+00
1.013356073215050168e+00
1.023612483471460388e+00
1.033868893727870830e+00
1.044125303984281050e+00
1.054381714240691270e+00
1.064638124497101490e+00
1.074894534753511710e+00
1.085150945009921930e+00
1.095407355266332150e+00
1.105663765522742592e+00
1.115920175779152812e+00
1.126176586035563032e+00
1.136432996291973252e+00
1.146689406548383472e+00
1.156945816804793914e+00
1.167202227061204134e+00
1.177458637317614354e+00
1.187715047574024574e+00
1.197971457830434794e+00
1.208227868086845014e+00
1.218484278343255234e+00
1.228740688599665454e+00
1.238997098856075674e+00
1.249253509112486116e+00
1.259509919368896336e+00
1.269766329625306556e+00
1.269766329625306556e+00
1.327324747218979972e+00
1.384883164812653167e+00
1.442441582406326583e+00
1.500000000000000000e+00
0.000000000000000000e+00
5.159017420158241302e-02
1.031803484031648260e-01
1.547705226047472460e-01
2.063606968063296521e-01
2.579508710079120859e-01
3.095410452094944920e-01
3.611312194110768981e-01
4.127213936126593041e-01
4.643115678142417102e-01
5.159017420158241718e-01
5.674919162174065779e-01
6.190820904189889839e-01
6.706722646205713900e-01
7.222624388221537961e-01
7.738526130237362022e-01
8.254427872253186083e-01
8.770329614269010143e-01
8.770329614269010143e-01
8.872893716833112343e-01
8.975457819397215653e-01
9.078021921961317853e-01
9.180586024525420052e-01
9.283150127089523362e-01
9.385714229653625562e-01
9.488278332217727762e-01
9.590842434781829962e-01
9.693406537345933272e-01
9.795970639910035471e-01
9.898534742474138781e-01
1.000109884503824098e+00
1.010366294760234318e+00
1.020622705016644538e+00
1.030879115273054758e+00
1.041135525529464978e+00
1.051391935785875420e+00
1.061648346042285640e+00
1.071904756298695860e+00
1.082161166555106080e+00
1.092417576811516300e+00
1.102673987067926742e+00
1.112930397324336962e+00
1.123186807580747182e+00
1.133443217837157402e+00
1.143699628093567622e+00
1.153956038349977842e+00
1.164212448606388062e+00
1.174468858862798282e+00
1.184725269119208724e+00
1.194981679375618944e+00
1.205238089632029164e+00
1.215494499888439384e+00
1.225750910144849604e+00
1.236007320401260046e+00
1.246263730657670266e+00
1.256520140914080486e+00
1.266776551170490706e+00
1.277032961426900926e+00
1.277032961426900926e+00
1.332774721070175694e+00
1.388516480713450463e+00
1.444258240356725231e+00
1.500000000000000000e+00
0.000000000000000000e+00
5.203645582567646699e-02
1.040729116513529340e-01
1.561093674770294149e-01
2.081458233027058680e-01
2.601822791283823211e-01
3.122187349540588297e-01
3.642551907797352828e-01
4.162916466054117359e-01
4.683281024310881890e-01
5.203645582567646422e-01
5.724010140824411508e-01
6.244374699081176594e-01
6.764739257337940570e-01
7.285103815594705656e-01
7.805468373851469632e-01
8.325832932108234719e-01
8.846197490364999805e-01
8.846197490364999805e-01
8.948761592929102004e-01
9.051325695493205314e-01
9.153889798057307514e-01
9.256453900621409714e-01
9.359018003185513024e-01
9.461582105749615224e-01
9.564146208313717423e-01
9.666710310877819623e-01
9.769274413441922933e-01
9.871838516006025133e-01
9.974402618570128443e-01
1.007696672113423064e+00
1.017953082369833284e+00
1.028209492626243504e+00
1.038465902882653724e+00
1.048722313139064166e+00
1.058978723395474386e+00
1.069235133651884606e+00
1.079491543908294826e+00
1.089747954164705046e+00
1.100004364421115266e+00
1.110260774677525486e+00
1.120517184933935928e+00
1.130773595190346148e+00
1.141030005446756368e+00
1.151286415703166588e+00
1.161542825959576808e+00
1.171799236215987250e+00
1.182055646472397470e+00
1.192312056728807690e+00
1.202568466985217910e+00
1.212824877241628130e+00
1.223081287498038350e+00
1.233337697754448570e+00
1.243594108010858790e+00
1.253850518267269010e+00
1.264106928523679452e+00
1.274363338780089672e+00
1.284619749036499892e+00
1.284619749036499892e+00
1.338464811777374974e+00
1.392309874518249835e+00
1.446154937259124917e+00
1.500000000000000000e+00
0.000000000000000000e+00
5.250117780587135879e-02
1.050023556117427176e-01
1.575035334176140833e-01
2.100047112234854352e-01
2.625058890293567870e-01
3.150070668352281666e-01
3.675082446410994907e-01
4.200094224469708704e-01
4.725106002528422500e-01
5.250117780587135741e-01
5.775129558645849537e-01
6.300141336704563333e-01
6.825153114763277129e-01
7.350164892821989815e-01
7.875176670880703611e-01
8.400188448939417407e-01
8.925200226998131203e-01
8.925200226998131203e-01
9.027764329562233403e-01
9.130328432126336713e-01
9.232892534690438913e-01
9.335456637254541112e-01
9.438020739818644422e-01
9.540584842382746622e-01
9.643148944946848822e-01
9.745713047510951021e-01
9.848277150075054331e-01
9.950841252639156531e-01
1.005340535520325984e+00
1.015596945776736204e+00
1.025853356033146424e+00
1.036109766289556644e+00
1.046366176545966864e+00
1.056622586802377306e+00
1.066878997058787526e+00
1.077135407315197746e+00
1.087391817571607966e+00
1.097648227828018186e+00
1.107904638084428406e+00
1.118161048340838626e+00
1.128417458597249068e+00
1.138673868853659288e+00
1.148930279110069508e+00
1.159186689366479728e+00
1.169443099622889948e+00
1.179699509879300390e+00
1.189955920135710610e+00
1.200212330392120830e+00
1.210468740648531050e+00
1.220725150904941270e+00
1.230981561161351490e+00
1.241237971417761710e+00
1.251494381674171930e+00
1.261750791930582150e+00
1.272007202186992592e+00
1.282263612443402812e+00
1.292520022699813032e+00
1.292520022699813032e+00
1.344390017024859718e+00
1.396260011349906627e+00
1.448130005674953313e+00
1.500000000000000000e+00
0.000000000000000000e+00
5.004039069252005922e-02
1.000807813850401184e-01
1.501211720775601777e-01
2.001615627700802369e-01
2.502019534626003239e-01
3.002423441551203553e-01
3.502827348476403868e-01
4.003231255401604738e-01
4.503635162326805608e-01
5.004039069252006477e-01
5.504442976177206237e-01
6.004846883102407107e-01
6.505250790027607977e-01
7.005654696952807736e-01
7.506058603878008606e-01
8.006462510803209476e-01
8.506866417728410346e-01
9.007270324653611215e-01
9.007270324653611215e-01
9.109834427217713415e-01
9.212398529781816725e-01
9.314962632345918925e-01
9.417526734910021124e-01
9.520090837474124434e-01
9.622654940038226634e-01
9.725219042602328834e-01
9.827783145166431034e-01
9.930347247730534344e-01
1.003291135029463765e+00
1.013547545285873985e+00
1.023803955542284205e+00
1.034060365798694425e+00
1.044316776055104645e+00
1.054573186311514865e+00
1.064829596567925307e+00
1.075086006824335527e+00
1.085342417080745747e+00
1.095598827337155967e+00
1.105855237593566187e+00
1.116111647849976407e+00
1.126368058106386627e+00
1.136624468362797069e+00
1.146880878619207289e+00
1.157137288875617509e+00
1.167393699132027729e+00
1.177650109388437949e+00
1.187906519644848391e+00
1.198162929901258611e+00
1.208419340157668831e+00
1.218675750414079051e+00
1.228932160670489271e+00
1.239188570926899491e+00
1.249444981183309711e+00
1.259701391439719931e+00
1.269957801696130151e+00
1.280214211952540593e+00
1.290470622208950813e+00
1.300727032465361033e+00
1.300727032465361033e+00
1.367151354976907429e+00
1.433575677488453604e+00
1.500000000000000000e+00
0.000000000000000000e+00
5.051299832827576414e-02
1.010259966565515283e-01
1.515389949848272855e-01
2.020519933131030565e-01
2.525649916413787999e-01
3.030779899696545709e-01
3.535909882979303420e-01
4.041039866262061131e-01
4.546169849544818842e-01
5.051299832827575997e-01
5.556429816110334263e-01
6.061559799393091419e-01
6.566689782675849685e-01
7.071819765958606840e-01
7.576949749241365106e-01
8.082079732524122262e-01
8.587209715806879418e-01
9.092339699089637683e-01
9.092339699089637683e-01
9.194903801653739883e-01
9.297467904217843193e-01
9.400032006781945393e-01
9.502596109346047593e-01
9.605160211910150903e-01
9.707724314474253102e-01
9.810288417038355302e-01
9.912852519602457502e-01
1.001541662216655970e+00
1.011798072473066412e+00
1.022054482729476632e+00
1.032310892985886852e+00
1.042567303242297072e+00
1.052823713498707292e+00
1.063080123755117512e+00
1.073336534011527732e+00
1.083592944267938174e+00
1.093849354524348394e+00
1.104105764780758614e+00
1.114362175037168834e+00
1.124618585293579054e+00
1.134874995549989496e+00
1.145131405806399716e+00
1.155387816062809936e+00
1.165644226319220156e+00
1.175900636575630376e+00
1.186157046832040596e+00
1.196413457088450816e+00
1.206669867344861036e+00
1.216926277601271478e+00
1.227182687857681698e+00
1.237439098114091918e+00
1.247695508370502138e+00
1.257951918626912358e+00
1.268208328883322800e+00
1.278464739139733020e+00
1.288721149396143240e+00
1.298977559652553460e+00
1.309233969908963680e+00
1.309233969908963680e+00
1.372822646605975860e+00
1.436411323302987819e+00
1.500000000000000000e+00
0.000000000000000000e+00
5.100188826388304952e-02
1.020037765277660990e-01
1.530056647916491486e-01
2.040075530555321981e-01
2.550094413194152754e-01
3.060113295832982971e-01
3.570132178471813189e-01
4.080151061110643962e-01
4.590169943749474735e-01
5.100188826388305507e-01
5.610207709027135170e-01
6.120226591665965943e-01
6.630245474304796716e-01
7.140264356943626378e-01
7.650283239582457151e-01
8.160302122221287924e-01
8.670321004860118697e-01
9.180339887498949469e-01
9.180339887498949469e-01
9.282903990063051669e-01
9.385468092627154979e-01
9.488032195191257179e-01
9.590596297755359378e-01
9.693160400319462688e-01
9.795724502883564888e-01
9.898288605447667088e-01
1.000085270801176929e+00
1.010341681057587149e+00
1.020598091313997591e+00
1.030854501570407811e+00
1.041110911826818031e+00
1.051367322083228251e+00
1.061623732339638471e+00
1.071880142596048691e+00
1.082136552852459133e+00
1.092392963108869353e+00
1.102649373365279573e+00
1.112905783621689793e+00
1.123162193878100013e+00
1.133418604134510232e+00
1.143675014390920452e+00
1.153931424647330894e+00
1.164187834903741114e+00
1.174444245160151334e+00
1.184700655416561554e+00
1.194957065672971774e+00
1.205213475929382216e+00
1.215469886185792436e+00
1.225726296442202656e+00
1.235982706698612876e+00
1.246239116955023096e+00
1.256495527211433316e+00
1.266751937467843536e+00
1.277008347724253756e+00
1.287264757980663976e+00
1.297521168237074418e+00
1.307777578493484638e+00
1.318033988749894858e+00
1.318033988749894858e+00
1.378689325833263313e+00
1.439344662916631545e+00
1.500000000000000000e+00
0.000000000000000000e+00
5.150667912713498969e-02
1.030133582542699794e-01
1.545200373814049621e-01
2.060267165085399588e-01
2.575333956356749554e-01
3.090400747628099243e-01
3.605467538899449487e-01
4.120534330170799175e-01
4.635601121442148864e-01
5.150667912713499108e-01
5.665734703984849352e-01
6.180801495256198486e-01
6.695868286527548729e-01
7.210935077798898973e-01
7.726001869070248107e-01
8.241068660341598351e-01
8.756135451612948595e-01
9.271202242884297728e-01
9.271202242884297728e-01
9.373766345448399928e-01
9.476330448012503238e-01
9.578894550576605438e-01
9.681458653140707638e-01
9.784022755704810947e-01
9.886586858268913147e-01
9.989150960833015347e-01
1.009171506339711755e+00
1.019427916596121975e+00
1.029684326852532417e+00
1.039940737108942637e+00
1.050197147365352857e+00
1.060453557621763077e+00
1.070709967878173297e+00
1.080966378134583517e+00
1.091222788390993959e+00
1.101479198647404179e+00
1.111735608903814398e+00
1.121992019160224618e+00
1.132248429416634838e+00
1.142504839673045058e+00
1.152761249929455278e+00
1.163017660185865720e+00
1.173274070442275940e+00
1.183530480698686160e+00
1.193786890955096380e+00
1.204043301211506600e+00
1.214299711467917042e+00
1.224556121724327262e+00
1.234812531980737482e+00
1.245068942237147702e+00
1.255325352493557922e+00
1.265581762749968142e+00
1.275838173006378362e+00
1.286094583262788582e+00
1.296350993519198802e+00
1.306607403775609244e+00
1.316863814032019464e+00
1.327120224288429684e+00
1.327120224288429684e+00
1.384746816192286456e+00
1.442373408096143228e+00
1.500000000000000000e+00
0.000000000000000000e+00
5.202698953411276361e-02
1.040539790682255272e-01
1.560809686023382770e-01
2.081079581364510545e-01
2.601349476705638319e-01
3.121619372046765539e-01
3.641889267387893314e-01
4.162159162729021089e-01
4.682429058070148864e-01
5.202698953411276639e-01
5.722968848752404414e-01
6.243238744093531079e-01
6.763508639434658853e-01
7.283778534775786628e-01
7.804048430116914403e-01
8.324318325458042178e-01
8.844588220799169953e-01
9.364858116140297728e-01
9.364858116140297728e-01
9.467422218704399928e-01
9.569986321268503238e-01
9.672550423832605437e-01
9.775114526396707637e-01
9.877678628960810947e-01
9.980242731524913147e-01
1.008280683408901535e+00
1.018537093665311755e+00
1.028793503921721975e+00
1.039049914178132417e+00
1.049306324434542637e+00
1.059562734690952857e+00
1.069819144947363077e+00
1.080075555203773296e+00
1.090331965460183516e+00
1.100588375716593958e+00
1.110844785973004178e+00
1.121101196229414398e+00
1.131357606485824618e+00
1.141614016742234838e+00
1.151870426998645058e+00
1.162126837255055278e+00
1.172383247511465720e+00
1.182639657767875940e+00
1.192896068024286160e+00
1.203152478280696380e+00
1.213408888537106600e+00
1.223665298793517042e+00
1.233921709049927262e+00
1.244178119306337482e+00
1.254434529562747702e+00
1.264690939819157922e+00
1.274947350075568142e+00
1.285203760331978362e+00
1.295460170588388582e+00
1.305716580844798802e+00
1.315972991101209244e+00
1.326229401357619464e+00
1.336485811614029684e+00
1.336485811614029684e+00
1.390990541076019715e+00
1.445495270538009969e+00
1.500000000000000000e+00
0.000000000000000000e+00
5.256243903064180406e-02
1.051248780612836081e-01
1.576873170919254052e-01
2.102497561225672162e-01
2.628121951532090272e-01
3.153746341838508105e-01
3.679370732144926492e-01
4.204995122451344325e-01
4.730619512757762157e-01
5.256243903064180545e-01
5.781868293370598932e-01
6.307492683677016210e-01
6.833117073983434597e-01
7.358741464289852985e-01
7.884365854596270262e-01
8.409990244902688650e-01
8.935614635209107037e-01
9.461239025515524315e-01
9.461239025515524315e-01
9.563803128079626514e-01
9.666367230643729824e-01
9.768931333207832024e-01
9.871495435771934224e-01
9.974059538336037534e-01
1.007662364090013973e+00
1.017918774346424193e+00
1.028175184602834413e+00
1.038431594859244633e+00
1.048688005115655075e+00
1.058944415372065295e+00
1.069200825628475515e+00
1.079457235884885735e+00
1.089713646141295955e+00
1.099970056397706175e+00
1.110226466654116617e+00
1.120482876910526837e+00
1.130739287166937057e+00
1.140995697423347277e+00
1.151252107679757497e+00
1.161508517936167717e+00
1.171764928192577937e+00
1.182021338448988379e+00
1.192277748705398599e+00
1.202534158961808819e+00
1.212790569218219039e+00
1.223046979474629259e+00
1.233303389731039701e+00
1.243559799987449921e+00
1.253816210243860141e+00
1.264072620500270361e+00
1.274329030756680581e+00
1.284585441013090801e+00
1.294841851269501021e+00
1.305098261525911241e+00
1.315354671782321461e+00
1.325611082038731903e+00
1.335867492295142123e+00
1.346123902551552343e+00
1.346123902551552343e+00
1.397415935034368228e+00
1.448707967517184114e+00
1.500000000000000000e+00
0.000000000000000000e+00
5.031724638576179354e-02
1.006344927715235871e-01
1.509517391572853806e-01
2.012689855430471741e-01
2.515862319288089677e-01
3.019034783145707612e-01
3.522207247003325548e-01
4.025379710860943483e-01
4.528552174718561418e-01
5.031724638576179354e-01
5.534897102433797844e-01
6.038069566291415224e-01
6.541242030149032605e-01
7.044414494006651095e-01
7.547586957864269586e-01
8.050759421721886966e-01
8.553931885579504346e-01
9.057104349437122837e-01
9.560276813294741327e-01
9.560276813294741327e-01
9.662840915858843527e-01
9.765405018422946837e-01
9.867969120987049036e-01
9.970533223551151236e-01
1.007309732611525455e+00
1.017566142867935675e+00
1.027822553124345895e+00
1.038078963380756115e+00
1.048335373637166335e+00
1.058591783893576777e+00
1.068848194149986996e+00
1.079104604406397216e+00
1.089361014662807436e+00
1.099617424919217656e+00
1.109873835175627876e+00
1.120130245432038318e+00
1.130386655688448538e+00
1.140643065944858758e+00
1.150899476201268978e+00
1.161155886457679198e+00
1.171412296714089418e+00
1.181668706970499638e+00
1.191925117226910080e+00
1.202181527483320300e+00
1.212437937739730520e+00
1.222694347996140740e+00
1.232950758252550960e+00
1.243207168508961402e+00
1.253463578765371622e+00
1.263719989021781842e+00
1.273976399278192062e+00
1.284232809534602282e+00
1.294489219791012502e+00
1.304745630047422722e+00
1.315002040303832942e+00
1.325258450560243162e+00
1.335514860816653604e+00
1.345771271073063824e+00
1.356027681329474044e+00
1.356027681329474044e+00
1.428013840664736911e+00
1.500000000000000000e+00
0.000000000000000000e+00
5.085212520889789700e-02
1.017042504177957940e-01
1.525563756266936910e-01
2.034085008355915880e-01
2.542606260444895128e-01
3.051127512533873820e-01
3.559648764622852513e-01
4.068170016711831760e-01
4.576691268800811008e-01
5.085212520889790255e-01
5.593733772978768393e-01
6.102255025067747640e-01
6.610776277156726888e-01
7.119297529245705025e-01
7.627818781334684273e-01
8.136340033423663520e-01
8.644861285512642768e-01
9.153382537601622015e-01
9.661903789690600153e-01
9.661903789690600153e-01
9.764467892254702353e-01
9.867031994818805662e-01
9.969596097382907862e-01
1.007216019994701117e+00
1.017472430251111337e+00
1.027728840507521557e+00
1.037985250763931777e+00
1.048241661020341997e+00
1.058498071276752217e+00
1.068754481533162659e+00
1.079010891789572879e+00
1.089267302045983099e+00
1.099523712302393319e+00
1.109780122558803539e+00
1.120036532815213759e+00
1.130292943071624201e+00
1.140549353328034421e+00
1.150805763584444641e+00
1.161062173840854861e+00
1.171318584097265081e+00
1.181574994353675301e+00
1.191831404610085521e+00
1.202087814866495963e+00
1.212344225122906183e+00
1.222600635379316403e+00
1.232857045635726623e+00
1.243113455892136843e+00
1.253369866148547285e+00
1.263626276404957505e+00
1.273882686661367725e+00
1.284139096917777945e+00
1.294395507174188165e+00
1.304651917430598385e+00
1.314908327687008605e+00
1.325164737943418825e+00
1.335421148199829045e+00
1.345677558456239487e+00
1.355933968712649706e+00
1.366190378969059926e+00
1.366190378969059926e+00
1.433095189484530074e+00
1.500000000000000000e+00
0.000000000000000000e+00
5.140027823192728357e-02
1.028005564638545671e-01
1.542008346957818576e-01
2.056011129277091343e-01
2.570013911596364387e-01
3.084016693915637153e-01
3.598019476234909919e-01
4.112022258554182685e-01
4.626025040873455452e-01
5.140027823192728773e-01
5.654030605512001539e-01
6.168033387831274306e-01
6.682036170150547072e-01
7.196038952469819838e-01
7.710041734789092605e-01
8.224044517108365371e-01
8.738047299427638137e-01
9.252050081746910903e-01
9.766052864066183670e-01
9.766052864066183670e-01
9.868616966630285869e-01
9.971181069194389179e-01
1.007374517175849027e+00
1.017630927432259469e+00
1.027887337688669689e+00
1.038143747945079909e+00
1.048400158201490129e+00
1.058656568457900349e+00
1.068912978714310569e+00
1.079169388970721011e+00
1.089425799227131231e+00
1.099682209483541451e+00
1.109938619739951671e+00
1.120195029996361891e+00
1.130451440252772111e+00
1.140707850509182553e+00
1.150964260765592773e+00
1.161220671022002993e+00
1.171477081278413213e+00
1.181733491534823433e+00
1.191989901791233653e+00
1.202246312047643872e+00
1.212502722304054315e+00
1.222759132560464534e+00
1.233015542816874754e+00
1.243271953073284974e+00
1.253528363329695194e+00
1.263784773586105636e+00
1.274041183842515856e+00
1.284297594098926076e+00
1.294554004355336296e+00
1.304810414611746516e+00
1.315066824868156736e+00
1.325323235124566956e+00
1.335579645380977176e+00
1.345836055637387396e+00
1.356092465893797838e+00
1.366348876150208058e+00
1.376605286406618278e+00
1.376605286406618278e+00
1.438302643203309028e+00
1.500000000000000000e+00
0.000000000000000000e+00
5.196135612486665195e-02
1.039227122497333039e-01
1.558840683745999489e-01
2.078454244994666078e-01
2.598067806243332667e-01
3.117681367491998978e-01
3.637294928740665845e-01
4.156908489989332156e-01
4.676522051237998467e-01
5.196135612486665334e-01
5.715749173735331645e-01
6.235362734983997957e-01
6.754976296232664268e-01
7.274589857481331689e-01
7.794203418729998001e-01
8.313816979978664312e-01
8.833430541227330623e-01
9.353044102475996935e-01
9.872657663724664356e-01
9.872657663724664356e-01
9.975221766288766556e-01
1.007778586885286876e+00
1.018034997141697096e+00
1.028291407398107538e+00
1.038547817654517758e+00
1.048804227910927978e+00
1.059060638167338197e+00
1.069317048423748417e+00
1.079573458680158637e+00
1.089829868936569079e+00
1.100086279192979299e+00
1.110342689449389519e+00
1.120599099705799739e+00
1.130855509962209959e+00
1.141111920218620179e+00
1.151368330475030621e+00
1.161624740731440841e+00
1.171881150987851061e+00
1.182137561244261281e+00
1.192393971500671501e+00
1.202650381757081721e+00
1.212906792013491941e+00
1.223163202269902383e+00
1.233419612526312603e+00
1.243676022782722823e+00
1.253932433039133043e+00
1.264188843295543263e+00
1.274445253551953705e+00
1.284701663808363925e+00
1.294958074064774145e+00
1.305214484321184365e+00
1.315470894577594585e+00
1.325727304834004805e+00
1.335983715090415025e+00
1.346240125346825245e+00
1.356496535603235465e+00
1.366752945859645907e+00
1.377009356116056127e+00
1.387265766372466347e+00
1.387265766372466347e+00
1.443632883186233062e+00
1.500000000000000000e+00
0.000000000000000000e+00
5.253501389789540926e-02
1.050700277957908185e-01
1.576050416936862208e-01
2.101400555915816371e-01
2.626750694894770533e-01
3.152100833873724417e-01
3.677450972852678857e-01
4.202801111831632741e-01
4.728151250810586625e-01
5.253501389789541065e-01
5.778851528768494950e-01
6.304201667747448834e-01
6.829551806726402718e-01
7.354901945705357713e-01
7.880252084684311598e-01
8.405602223663265482e-01
8.930952362642219367e-01
9.456302501621173251e-01
9.981652640600127135e-01
9.981652640600127135e-01
1.008421674316422934e+00
1.018678084572833153e+00
1.028934494829243373e+00
1.039190905085653815e+00
1.049447315342064035e+00
1.059703725598474255e+00
1.069960135854884475e+00
1.080216546111294695e+00
1.090472956367704915e+00
1.100729366624115357e+00
1.110985776880525577e+00
1.121242187136935797e+00
1.131498597393346017e+00
1.141755007649756237e+00
1.152011417906166457e+00
1.162267828162576677e+00
1.172524238418987119e+00
1.182780648675397339e+00
1.193037058931807559e+00
1.203293469188217779e+00
1.213549879444627999e+00
1.223806289701038441e+00
1.234062699957448661e+00
1.244319110213858881e+00
1.254575520470269101e+00
1.264831930726679321e+00
1.275088340983089541e+00
1.285344751239499761e+00
1.295601161495909981e+00
1.305857571752320423e+00
1.316113982008730643e+00
1.326370392265140863e+00
1.336626802521551083e+00
1.346883212777961303e+00
1.357139623034371745e+00
1.367396033290781965e+00
1.377652443547192185e+00
1.387908853803602405e+00
1.398165264060012625e+00
1.398165264060012625e+00
1.449082632030006312e+00
1.500000000000000000e+00
0.000000000000000000e+00
5.046486583132390319e-02
1.009297316626478064e-01
1.513945974939717165e-01
2.018594633252956128e-01
2.523243291566195090e-01
3.027891949879434330e-01
3.532540608192673015e-01
4.037189266505912255e-01
4.541837924819151495e-01
5.046486583132390180e-01
5.551135241445629420e-01
6.055783899758868660e-01
6.560432558072107900e-01
7.065081216385346030e-01
7.569729874698585270e-01
8.074378533011824510e-01
8.579027191325063750e-01
9.083675849638302990e-01
9.588324507951541120e-01
1.009297316626478036e+00
1.009297316626478036e+00
1.019553726882888256e+00
1.029810137139298476e+00
1.040066547395708696e+00
1.050322957652119138e+00
1.060579367908529358e+00
1.070835778164939578e+00
1.081092188421349798e+00
1.091348598677760018e+00
1.101605008934170238e+00
1.111861419190580680e+00
1.122117829446990900e+00
1.132374239703401120e+00
1.142630649959811340e+00
1.152887060216221560e+00
1.163143470472631780e+00
1.173399880729042000e+00
1.183656290985452442e+00
1.193912701241862662e+00
1.204169111498272882e+00
1.214425521754683102e+00
1.224681932011093322e+00
1.234938342267503764e+00
1.245194752523913984e+00
1.255451162780324204e+00
1.265707573036734424e+00
1.275963983293144643e+00
1.286220393549554863e+00
1.296476803805965083e+00
1.306733214062375303e+00
1.316989624318785745e+00
1.327246034575195965e+00
1.337502444831606185e+00
1.347758855088016405e+00
1.358015265344426625e+00
1.368271675600837067e+00
1.378528085857247287e+00
1.388784496113657507e+00
1.399040906370067727e+00
1.409297316626477947e+00
1.409297316626477947e+00
1.500000000000000000e+00
0.000000000000000000e+00
5.103277807866851701e-02
1.020655561573370340e-01
1.530983342360055510e-01
2.041311123146740680e-01
2.551638903933425850e-01
3.061966684720111020e-01
3.572294465506796191e-01
4.082622246293481361e-01
4.592950027080166531e-01
5.103277807866851701e-01
5.613605588653536316e-01
6.123933369440222041e-01
6.634261150226907766e-01
7.144588931013592381e-01
7.654916711800276996e-01
8.165244492586962721e-01
8.675572273373648446e-01
9.185900054160333061e-01
9.696227834947017676e-01
1.020655561573370340e+00
1.020655561573370340e+00
1.030911971829780560e+00
1.041168382086190780e+00
1.051424792342601000e+00
1.061681202599011442e+00
1.071937612855421662e+00
1.082194023111831882e+00
1.092450433368242102e+00
1.102706843624652322e+00
1.112963253881062542e+00
1.123219664137472984e+00
1.133476074393883204e+00
1.143732484650293424e+00
1.153988894906703644e+00
1.164245305163113864e+00
1.174501715419524084e+00
1.184758125675934526e+00
1.195014535932344746e+00
1.205270946188754966e+00
1.215527356445165186e+00
1.225783766701575406e+00
1.236040176957985626e+00
1.246296587214395846e+00
1.256552997470806288e+00
1.266809407727216508e+00
1.277065817983626728e+00
1.287322228240036948e+00
1.297578638496447168e+00
1.307835048752857610e+00
1.318091459009267830e+00
1.328347869265678050e+00
1.338604279522088270e+00
1.348860689778498489e+00
1.359117100034908709e+00
1.369373510291318929e+00
1.379629920547729149e+00
1.389886330804139369e+00
1.400142741060549811e+00
1.410399151316960031e+00
1.420655561573370251e+00
1.420655561573370251e+00
1.500000000000000000e+00
0.000000000000000000e+00
5.161168720299745549e-02
1.032233744059949110e-01
1.548350616089923526e-01
2.064467488119898220e-01
2.580584360149872913e-01
3.096701232179847052e-01
3.612818104209821746e-01
4.128934976239796439e-01
4.645051848269771133e-01
5.161168720299745827e-01
5.677285592329720521e-01
6.193402464359694104e-01
6.709519336389668798e-01
7.225636208419643491e-01
7.741753080449618185e-01
8.257869952479592879e-01
8.773986824509567573e-01
9.290103696539542266e-01
9.806220568569516960e-01
1.032233744059949165e+00
1.032233744059949165e+00
1.042490154316359385e+00
1.052746564572769605e+00
1.063002974829179825e+00
1.073259385085590267e+00
1.083515795342000487e+00
1.093772205598410707e+00
1.104028615854820927e+00
1.114285026111231147e+00
1.124541436367641367e+00
1.134797846624051809e+00
1.145054256880462029e+00
1.155310667136872249e+00
1.165567077393282469e+00
1.175823487649692689e+00
1.186079897906102909e+00
1.196336308162513351e+00
1.206592718418923571e+00
1.216849128675333791e+00
1.227105538931744011e+00
1.237361949188154231e+00
1.247618359444564451e+00
1.257874769700974671e+00
1.268131179957385113e+00
1.278387590213795333e+00
1.288644000470205553e+00
1.298900410726615773e+00
1.309156820983025993e+00
1.319413231239436435e+00
1.329669641495846655e+00
1.339926051752256875e+00
1.350182462008667095e+00
1.360438872265077315e+00
1.370695282521487535e+00
1.380951692777897755e+00
1.391208103034307975e+00
1.401464513290718195e+00
1.411720923547128637e+00
1.421977333803538857e+00
1.432233744059949077e+00
1.432233744059949077e+00
1.500000000000000000e+00
0.000000000000000000e+00
5.220128616033594543e-02
1.044025723206718909e-01
1.566038584810078294e-01
2.088051446413437817e-01
2.610064308016797341e-01
3.132077169620156587e-01
3.654090031223516388e-01
4.176102892826875634e-01
4.698115754430234881e-01
5.220128616033594682e-01
5.742141477636953928e-01
6.264154339240313174e-01
6.786167200843672420e-01
7.308180062447032777e-01
7.830192924050392023e-01
8.352205785653751269e-01
8.874218647257110515e-01
9.396231508860469761e-01
9.918244370463830117e-01
1.044025723206718936e+00
1.044025723206718936e+00
1.054282133463129156e+00
1.064538543719539376e+00
1.074794953975949596e+00
1.085051364232360038e+00
1.095307774488770258e+00
1.105564184745180478e+00
1.115820595001590698e+00
1.126077005258000918e+00
1.136333415514411138e+00
1.146589825770821580e+00
1.156846236027231800e+00
1.167102646283642020e+00
1.177359056540052240e+00
1.187615466796462460e+00
1.197871877052872680e+00
1.208128287309282900e+00
1.218384697565693342e+00
1.228641107822103562e+00
1.238897518078513782e+00
1.249153928334924002e+00
1.259410338591334222e+00
1.269666748847744664e+00
1.279923159104154884e+00
1.290179569360565104e+00
1.300435979616975324e+00
1.310692389873385544e+00
1.320948800129795764e+00
1.331205210386205984e+00
1.341461620642616204e+00
1.351718030899026646e+00
1.361974441155436866e+00
1.372230851411847086e+00
1.382487261668257306e+00
1.392743671924667526e+00
1.403000082181077968e+00
1.413256492437488188e+00
1.423512902693898408e+00
1.433769312950308628e+00
1.444025723206718848e+00
1.444025723206718848e+00
1.500000000000000000e+00
0.000000000000000000e+00
5.028692749755269559e-02
1.005738549951053912e-01
1.508607824926580798e-01
2.011477099902107823e-01
2.514346374877634571e-01
3.017215649853161596e-01
3.520084924828688622e-01
4.022954199804215647e-01
4.525823474779742672e-01
5.028692749755269142e-01
5.531562024730796168e-01
6.034431299706323193e-01
6.537300574681850218e-01
7.040169849657377243e-01
7.543039124632904269e-01
8.045908399608431294e-01
8.548777674583958319e-01
9.051646949559485344e-01
9.554516224535012370e-01
1.005738549951053828e+00
1.056025477448606642e+00
1.056025477448606642e+00
1.066281887705016862e+00
1.076538297961427082e+00
1.086794708217837302e+00
1.097051118474247744e+00
1.107307528730657964e+00
1.117563938987068184e+00
1.127820349243478404e+00
1.138076759499888624e+00
1.148333169756298844e+00
1.158589580012709286e+00
1.168845990269119506e+00
1.179102400525529726e+00
1.189358810781939946e+00
1.199615221038350166e+00
1.209871631294760386e+00
1.220128041551170828e+00
1.230384451807581048e+00
1.240640862063991268e+00
1.250897272320401488e+00
1.261153682576811708e+00
1.271410092833221928e+00
1.281666503089632148e+00
1.291922913346042590e+00
1.302179323602452810e+00
1.312435733858863030e+00
1.322692144115273249e+00
1.332948554371683469e+00
1.343204964628093911e+00
1.353461374884504131e+00
1.363717785140914351e+00
1.373974195397324571e+00
1.384230605653734791e+00
1.394487015910145011e+00
1.404743426166555231e+00
1.414999836422965451e+00
1.425256246679375671e+00
1.435512656935786113e+00
1.445769067192196333e+00
1.456025477448606553e+00
1.456025477448606553e+00
0.000000000000000000e+00
5.086795757138167645e-02
1.017359151427633529e-01
1.526038727141450224e-01
2.034718302855267058e-01
2.543397878569083614e-01
3.052077454282900448e-01
3.560757029996717282e-01
4.069436605710534116e-01
4.578116181424350950e-01
5.086795757138167229e-01
5.595475332851984618e-01
6.104154908565800897e-01
6.612834484279618286e-01
7.121514059993434564e-01
7.630193635707251953e-01
8.138873211421068232e-01
8.647552787134884511e-01
9.156232362848701900e-01
9.664911938562518179e-01
1.017359151427633446e+00
1.068227108999015185e+00
1.068227108999015185e+00
1.078483519255425405e+00
1.088739929511835625e+00
1.098996339768245845e+00
1.109252750024656287e+00
1.119509160281066507e+00
1.129765570537476727e+00
1.140021980793886947e+00
1.150278391050297166e+00
1.160534801306707386e+00
1.170791211563117828e+00
1.181047621819528048e+00
1.191304032075938268e+00
1.201560442332348488e+00
1.211816852588758708e+00
1.222073262845168928e+00
1.232329673101579370e+00
1.242586083357989590e+00
1.252842493614399810e+00
1.263098903870810030e+00
1.273355314127220250e+00
1.283611724383630470e+00
1.293868134640040690e+00
1.304124544896451132e+00
1.314380955152861352e+00
1.324637365409271572e+00
1.334893775665681792e+00
1.345150185922092012e+00
1.355406596178502454e+00
1.365663006434912674e+00
1.375919416691322894e+00
1.386175826947733114e+00
1.396432237204143334e+00
1.406688647460553554e+00
1.416945057716963774e+00
1.427201467973373994e+00
1.437457878229784214e+00
1.447714288486194656e+00
1.457970698742604876e+00
1.468227108999015096e+00
1.468227108999015096e+00
0.000000000000000000e+00
5.145832607078903997e-02
1.029166521415780799e-01
1.543749782123671199e-01
2.058333042831561599e-01
2.572916303539451999e-01
3.087499564247342398e-01
3.602082824955232798e-01
4.116666085663123198e-01
4.631249346371013598e-01
5.145832607078903997e-01
5.660415867786794397e-01
6.174999128494684797e-01
6.689582389202575197e-01
7.204165649910465596e-01
7.718748910618355996e-01
8.233332171326246396e-01
8.747915432034136796e-01
9.262498692742027195e-01
9.777081953449917595e-01
1.029166521415780799e+00
1.080624847486569839e+00
1.080624847486569839e+00
1.090881257742980059e+00
1.101137667999390279e+00
1.111394078255800499e+00
1.121650488512210941e+00
1.131906898768621161e+00
1.142163309025031381e+00
1.152419719281441601e+00
1.162676129537851821e+00
1.172932539794262041e+00
1.183188950050672483e+00
1.193445360307082703e+00
1.203701770563492923e+00
1.213958180819903143e+00
1.224214591076313363e+00
1.234471001332723583e+00
1.244727411589134025e+00
1.254983821845544245e+00
1.265240232101954465e+00
1.275496642358364685e+00
1.285753052614774905e+00
1.296009462871185125e+00
1.306265873127595345e+00
1.316522283384005787e+00
1.326778693640416007e+00
1.337035103896826227e+00
1.347291514153236447e+00
1.357547924409646667e+00
1.367804334666057109e+00
1.378060744922467329e+00
1.388317155178877549e+00
1.398573565435287769e+00
1.408829975691697989e+00
1.419086385948108209e+00
1.429342796204518429e+00
1.439599206460928649e+00
1.449855616717338869e+00
1.460112026973749311e+00
1.470368437230159531e+00
1.480624847486569751e+00
1.480624847486569751e+00
0.000000000000000000e+00
5.205776442029413920e-02
1.041155288405882784e-01
1.561732932608824176e-01
2.082310576811765568e-01
2.602888221014706960e-01
3.123465865217648352e-01
3.644043509420589744e-01
4.164621153623531136e-01
4.685198797826472528e-01
5.205776442029413920e-01
5.726354086232354756e-01
6.246931730435296704e-01
6.767509374638238651e-01
7.288087018841179487e-01
7.808664663044120324e-01
8.329242307247062271e-01
8.849819951450004218e-01
9.370397595652945055e-01
9.890975239855885892e-01
1.041155288405882784e+00
1.093213052826176979e+00
1.093213052826176979e+00
1.103469463082587199e+00
1.113725873338997419e+00
1.123982283595407639e+00
1.134238693851818081e+00
1.144495104108228301e+00
1.154751514364638521e+00
1.165007924621048740e+00
1.175264334877458960e+00
1.185520745133869180e+00
1.195777155390279622e+00
1.206033565646689842e+00
1.216289975903100062e+00
1.226546386159510282e+00
1.236802796415920502e+00
1.247059206672330722e+00
1.257315616928741164e+00
1.267572027185151384e+00
1.277828437441561604e+00
1.288084847697971824e+00
1.298341257954382044e+00
1.308597668210792264e+00
1.318854078467202484e+00
1.329110488723612926e+00
1.339366898980023146e+00
1.349623309236433366e+00
1.359879719492843586e+00
1.370136129749253806e+00
1.380392540005664248e+00
1.390648950262074468e+00
1.400905360518484688e+00
1.411161770774894908e+00
1.421418181031305128e+00
1.431674591287715348e+00
1.441931001544125568e+00
1.452187411800535788e+00
1.462443822056946008e+00
1.472700232313356450e+00
1.482956642569766670e+00
1.493213052826176890e+00
1.493213052826176890e+00
0.000000000000000000e+00
5.027210079023457928e-02
1.005442015804691586e-01
1.508163023707037309e-01
2.010884031609383171e-01
2.513605039511728756e-01
3.016326047414074618e-01
3.519047055316420480e-01
4.021768063218766343e-01
4.524489071121112205e-01
5.027210079023457512e-01
5.529931086925803374e-01
6.032652094828149236e-01
6.535373102730495098e-01
7.038094110632840961e-01
7.540815118535186823e-01
8.043536126437532685e-01
8.546257134339878547e-01
9.048978142242224409e-01
9.551699150144570272e-01
1.005442015804691502e+00
1.055714116594926200e+00
1.105986217385160675e+00
1.105986217385160675e+00
1.116089134888105239e+00
1.126192052391049803e+00
1.136294969893994367e+00
1.146397887396939153e+00
1.156500804899883716e+00
1.166603722402828280e+00
1.176706639905772844e+00
1.186809557408717408e+00
1.196912474911661972e+00
1.207015392414606758e+00
1.217118309917551322e+00
1.227221227420495886e+00
1.237324144923440450e+00
1.247427062426385014e+00
1.257529979929329578e+00
1.267632897432274142e+00
1.277735814935218928e+00
1.287838732438163492e+00
1.297941649941108055e+00
1.308044567444052619e+00
1.318147484946997183e+00
1.328250402449941969e+00
1.338353319952886533e+00
1.348456237455831097e+00
1.358559154958775661e+00
1.368662072461720225e+00
1.378764989964664789e+00
1.388867907467609353e+00
1.398970824970553917e+00
1.409073742473498703e+00
1.419176659976443267e+00
1.429279577479387831e+00
1.439382494982332394e+00
1.449485412485276958e+00
1.459588329988221744e+00
1.469691247491166308e+00
1.479794164994110872e+00
1.489897082497055436e+00
1.500000000000000000e+00
1.500000000000000000e+00
0.000000000000000000e+00
5.086086215926380327e-02
1.017217243185276065e-01
1.525825864777914098e-01
2.034434486370552131e-01
2.543043107963189886e-01
3.051651729555828196e-01
3.560260351148466507e-01
4.068868972741104262e-01
4.577477594333742017e-01
5.086086215926379772e-01
5.594694837519018638e-01
6.103303459111656393e-01
6.611912080704294148e-01
7.120520702296933013e-01
7.629129323889570768e-01
8.137737945482208524e-01
8.646346567074846279e-01
9.154955188667484034e-01
9.663563810260122899e-01
1.017217243185275954e+00
1.068078105344539841e+00
1.118938967503803728e+00
1.118938967503803728e+00
1.128966889411598284e+00
1.138994811319393063e+00
1.149022733227187620e+00
1.159050655134982177e+00
1.169078577042776956e+00
1.179106498950571513e+00
1.189134420858366292e+00
1.199162342766160849e+00
1.209190264673955406e+00
1.219218186581750185e+00
1.229246108489544742e+00
1.239274030397339299e+00
1.249301952305134078e+00
1.259329874212928635e+00
1.269357796120723414e+00
1.279385718028517971e+00
1.289413639936312528e+00
1.299441561844107307e+00
1.309469483751901864e+00
1.319497405659696421e+00
1.329525327567491200e+00
1.339553249475285757e+00
1.349581171383080314e+00
1.359609093290875093e+00
1.369637015198669650e+00
1.379664937106464428e+00
1.389692859014258985e+00
1.399720780922053542e+00
1.409748702829848321e+00
1.419776624737642878e+00
1.429804546645437657e+00
1.439832468553232214e+00
1.449860390461026771e+00
1.459888312368821328e+00
1.469916234276616107e+00
1.479944156184410664e+00
1.489972078092205443e+00
1.500000000000000000e+00
1.500000000000000000e+00
0.000000000000000000e+00
5.145754838307894929e-02
1.029150967661578986e-01
1.543726451492368479e-01
2.058301935323157972e-01
2.572877419153947187e-01
3.087452902984736958e-01
3.602028386815526728e-01
4.116603870646315944e-01
4.631179354477105159e-01
5.145754838307894374e-01
5.660330322138684700e-01
6.174905805969473915e-01
6.689481289800263131e-01
7.204056773631053456e-01
7.718632257461842672e-01
8.233207741292631887e-01
8.747783225123421103e-01
9.262358708954210318e-01
9.776934192785000644e-01
1.029150967661578875e+00
1.080608516044657907e+00
1.132066064427736940e+00
1.132066064427736940e+00
1.142286451526966395e+00
1.152506838626196073e+00
1.162727225725425528e+00
1.172947612824654984e+00
1.183167999923884661e+00
1.193388387023114117e+00
1.203608774122343572e+00
1.213829161221573250e+00
1.224049548320802705e+00
1.234269935420032160e+00
1.244490322519261838e+00
1.254710709618491293e+00
1.264931096717720749e+00
1.275151483816950426e+00
1.285371870916179882e+00
1.295592258015409337e+00
1.305812645114639015e+00
1.316033032213868470e+00
1.326253419313097925e+00
1.336473806412327603e+00
1.346694193511557058e+00
1.356914580610786514e+00
1.367134967710016191e+00
1.377355354809245647e+00
1.387575741908475102e+00
1.397796129007704780e+00
1.408016516106934235e+00
1.418236903206163912e+00
1.428457290305393368e+00
1.438677677404622823e+00
1.448898064503852279e+00
1.459118451603081956e+00
1.469338838702311412e+00
1.479559225801541089e+00
1.489779612900770545e+00
1.500000000000000000e+00
1.500000000000000000e+00
0.000000000000000000e+00
5.206192748669868919e-02
1.041238549733973784e-01
1.561857824600960676e-01
2.082477099467947568e-01
2.603096374334934460e-01
3.123715649201921352e-01
3.644334924068908244e-01
4.164954198935895135e-01
4.685573473802882027e-01
5.206192748669868919e-01
5.726812023536855811e-01
6.247431298403842703e-01
6.768050573270829595e-01
7.288669848137816487e-01
7.809289123004803379e-01
8.329908397871790271e-01
8.850527672738777163e-01
9.371146947605764055e-01
9.891766222472750947e-01
1.041238549733973784e+00
1.093300477220672473e+00
1.145362404707371162e+00
1.145362404707371162e+00
1.155494907430017593e+00
1.165627410152664245e+00
1.175759912875310675e+00
1.185892415597957328e+00
1.196024918320603758e+00
1.206157421043250411e+00
1.216289923765896841e+00
1.226422426488543493e+00
1.236554929211189924e+00
1.246687431933836576e+00
1.256819934656483007e+00
1.266952437379129659e+00
1.277084940101776089e+00
1.287217442824422742e+00
1.297349945547069172e+00
1.307482448269715825e+00
1.317614950992362255e+00
1.327747453715008907e+00
1.337879956437655338e+00
1.348012459160301990e+00
1.358144961882948420e+00
1.368277464605595073e+00
1.378409967328241503e+00
1.388542470050888156e+00
1.398674972773534586e+00
1.408807475496181016e+00
1.418939978218827669e+00
1.429072480941474321e+00
1.439204983664120752e+00
1.449337486386767182e+00
1.459469989109413834e+00
1.469602491832060487e+00
1.479734994554706917e+00
1.489867497277353348e+00
1.500000000000000000e+00
1.500000000000000000e+00
0.000000000000000000e+00
5.038360957030619397e-02
1.007672191406123879e-01
1.511508287109185888e-01
2.015344382812247759e-01
2.519180478515309907e-01
3.023016574218371777e-01
3.526852669921433647e-01
4.030688765624495518e-01
4.534524861327557388e-01
5.038360957030619813e-01
5.542197052733681684e-01
6.046033148436743554e-01
6.549869244139805424e-01
7.053705339842867295e-01
7.557541435545929165e-01
8.061377531248991035e-01
8.565213626952052905e-01
9.069049722655114776e-01
9.572885818358176646e-01
1.007672191406123963e+00
1.058055800976430039e+00
1.108439410546736337e+00
1.158823020117042413e+00
1.158823020117042413e+00
1.168857637172423525e+00
1.178892254227804637e+00
1.188926871283185749e+00
1.198961488338566861e+00
1.208996105393947973e+00
1.219030722449329085e+00
1.229065339504710197e+00
1.239099956560091309e+00
1.249134573615472421e+00
1.259169190670853533e+00
1.269203807726234645e+00
1.279238424781615757e+00
1.289273041836996869e+00
1.299307658892377759e+00
1.309342275947758871e+00
1.319376893003139983e+00
1.329411510058521095e+00
1.339446127113902207e+00
1.349480744169283319e+00
1.359515361224664431e+00
1.369549978280045543e+00
1.379584595335426656e+00
1.389619212390807768e+00
1.399653829446188880e+00
1.409688446501569992e+00
1.419723063556951104e+00
1.429757680612332216e+00
1.439792297667713328e+00
1.449826914723094440e+00
1.459861531778475552e+00
1.469896148833856664e+00
1.479930765889237776e+00
1.489965382944618888e+00
1.500000000000000000e+00
1.500000000000000000e+00
0.000000000000000000e+00
5.097578596277482776e-02
1.019515719255496555e-01
1.529273578883244833e-01
2.039031438510993111e-01
2.548789298138741666e-01
3.058547157766489666e-01
3.568305017394237666e-01
4.078062877021986221e-01
4.587820736649734776e-01
5.097578596277483332e-01
5.607336455905230777e-01
6.117094315532979332e-01
6.626852175160727887e-01
7.136610034788475332e-01
7.646367894416223887e-01
8.156125754043972442e-01
8.665883613671720997e-01
9.175641473299469553e-01
9.685399332927216998e-01
1.019515719255496666e+00
1.070491505218271300e+00
1.121467291181046155e+00
1.172443077143821011e+00
1.172443077143821011e+00
1.182679230983076701e+00
1.192915384822332170e+00
1.203151538661587860e+00
1.213387692500843329e+00
1.223623846340099020e+00
1.233860000179354488e+00
1.244096154018610179e+00
1.254332307857865647e+00
1.264568461697121338e+00
1.274804615536377028e+00
1.285040769375632497e+00
1.295276923214888187e+00
1.305513077054143656e+00
1.315749230893399346e+00
1.325985384732654815e+00
1.336221538571910505e+00
1.346457692411166196e+00
1.356693846250421664e+00
1.366930000089677355e+00
1.377166153928932824e+00
1.387402307768188514e+00
1.397638461607443983e+00
1.407874615446699673e+00
1.418110769285955364e+00
1.428346923125210832e+00
1.438583076964466301e+00
1.448819230803721991e+00
1.459055384642977682e+00
1.469291538482233150e+00
1.479527692321488841e+00
1.489763846160744531e+00
1.500000000000000000e+00
1.500000000000000000e+00
0.000000000000000000e+00
5.157469026491637298e-02
1.031493805298327460e-01
1.547240707947491190e-01
2.062987610596654919e-01
2.578734513245818372e-01
3.094481415894982379e-01
3.610228318544146386e-01
4.125975221193309839e-01
4.641722123842473291e-01
5.157469026491636743e-01
5.673215929140801306e-01
6.188962831789964758e-01
6.704709734439128210e-01
7.220456637088292773e-01
7.736203539737456225e-01
8.251950442386619677e-01
8.767697345035783130e-01
9.283444247684946582e-01
9.799191150334111144e-01
1.031493805298327349e+00
1.083068495563243916e+00
1.134643185828160261e+00
1.186217876093076606e+00
1.186217876093076606e+00
1.196339880090074193e+00
1.206461884087071557e+00
1.216583888084069143e+00
1.226705892081066729e+00
1.236827896078064315e+00
1.246949900075061679e+00
1.257071904072059265e+00
1.267193908069056851e+00
1.277315912066054437e+00
1.287437916063051802e+00
1.297559920060049388e+00
1.307681924057046974e+00
1.317803928054044560e+00
1.327925932051041924e+00
1.338047936048039510e+00
1.348169940045037096e+00
1.358291944042034682e+00
1.368413948039032046e+00
1.378535952036029633e+00
1.388657956033027219e+00
1.398779960030024805e+00
1.408901964027022169e+00
1.419023968024019755e+00
1.429145972021017341e+00
1.439267976018014927e+00
1.449389980015012291e+00
1.459511984012009878e+00
1.469633988009007464e+00
1.479755992006004828e+00
1.489877996003002414e+00
1.500000000000000000e+00
1.500000000000000000e+00
0.000000000000000000e+00
5.000595207729046504e-02
1.000119041545809301e-01
1.500178562318713882e-01
2.000238083091618602e-01
2.500297603864523044e-01
3.000357124637427764e-01
3.500416645410332483e-01
4.000476166183237203e-01
4.500535686956141923e-01
5.000595207729046088e-01
5.500654728501951363e-01
6.000714249274855527e-01
6.500773770047760802e-01
7.000833290820664967e-01
7.500892811593570242e-01
8.000952332366474407e-01
8.501011853139378571e-01
9.001071373912283846e-01
9.501130894685188011e-01
1.000119041545809218e+00
1.050124993623099856e+00
1.100130945700390273e+00
1.150136897777680689e+00
1.200142849854971105e+00
1.200142849854971105e+00
1.210482751584110117e+00
1.220822653313248907e+00
1.231162555042387918e+00
1.241502456771526708e+00
1.251842358500665719e+00
1.262182260229804731e+00
1.272522161958943521e+00
1.282862063688082532e+00
1.293201965417221544e+00
1.303541867146360334e+00
1.313881768875499345e+00
1.324221670604638135e+00
1.334561572333777146e+00
1.344901474062916158e+00
1.355241375792054948e+00
1.365581277521193959e+00
1.375921179250332749e+00
1.386261080979471760e+00
1.396600982708610772e+00
1.406940884437749562e+00
1.417280786166888573e+00
1.427620687896027585e+00
1.437960589625166374e+00
1.448300491354305386e+00
1.458640393083444398e+00
1.468980294812583187e+00
1.479320196541722199e+00
1.489660098270860988e+00
1.500000000000000000e+00
1.500000000000000000e+00
0.000000000000000000e+00
5.059223176554563522e-02
1.011844635310912704e-01
1.517766952966368987e-01
2.023689270621825409e-01
2.529611588277281831e-01
3.035533905932737975e-01
3.541456223588194674e-01
4.047378541243650818e-01
4.553300858899106962e-01
5.059223176554563661e-01
5.565145494210019805e-01
6.071067811865475949e-01
6.576990129520932093e-01
7.082912447176389348e-01
7.588834764831845492e-01
8.094757082487301636e-01
8.600679400142757780e-01
9.106601717798213924e-01
9.612524035453671178e-01
1.011844635310912732e+00
1.062436867076458347e+00
1.113029098842003961e+00
1.163621330607549575e+00
1.214213562373095190e+00
1.214213562373095190e+00
1.224420220859770314e+00
1.234626879346445438e+00
1.244833537833120785e+00
1.255040196319795909e+00
1.265246854806471033e+00
1.275453513293146157e+00
1.285660171779821503e+00
1.295866830266496628e+00
1.306073488753171752e+00
1.316280147239846876e+00
1.326486805726522000e+00
1.336693464213197124e+00
1.346900122699872471e+00
1.357106781186547595e+00
1.367313439673222719e+00
1.377520098159897843e+00
1.387726756646573190e+00
1.397933415133248314e+00
1.408140073619923438e+00
1.418346732106598562e+00
1.428553390593273686e+00
1.438760049079949033e+00
1.448966707566624157e+00
1.459173366053299281e+00
1.469380024539974405e+00
1.479586683026649752e+00
1.489793341513324876e+00
1.500000000000000000e+00
1.500000000000000000e+00
0.000000000000000000e+00
5.118440445223031848e-02
1.023688089044606370e-01
1.535532133566909485e-01
2.047376178089212739e-01
2.559220222611515716e-01
3.071064267133818970e-01
3.582908311656122224e-01
4.094752356178425479e-01
4.606596400700728733e-01
5.118440445223031432e-01
5.630284489745335241e-01
6.142128534267637940e-01
6.653972578789941750e-01
7.165816623312244449e-01
7.677660667834548258e-01
8.189504712356850957e-01
8.701348756879153656e-01
9.213192801401457466e-01
9.725036845923760165e-01
1.023688089044606286e+00
1.074872493496836778e+00
1.126056897949067048e+00
1.177241302401297318e+00
1.228425706853527588e+00
1.228425706853527588e+00
1.238484014007100731e+00
1.248542321160673652e+00
1.258600628314246794e+00
1.268658935467819715e+00
1.278717242621392858e+00
1.288775549774966001e+00
1.298833856928538921e+00
1.308892164082112064e+00
1.318950471235684985e+00
1.329008778389258127e+00
1.339067085542831048e+00
1.349125392696404191e+00
1.359183699849977334e+00
1.369242007003550254e+00
1.379300314157123397e+00
1.389358621310696318e+00
1.399416928464269461e+00
1.409475235617842603e+00
1.419533542771415524e+00
1.429591849924988667e+00
1.439650157078561588e+00
1.449708464232134730e+00
1.459766771385707873e+00
1.469825078539280794e+00
1.479883385692853937e+00
1.489941692846426857e+00
1.500000000000000000e+00
1.500000000000000000e+00
0.000000000000000000e+00
5.178229598957145158e-02
1.035645919791429032e-01
1.553468879687143478e-01
2.071291839582858063e-01
2.589114799478572371e-01
3.106937759374286956e-01
3.624760719270001541e-01
4.142583679165716126e-01
4.660406639061430711e-01
5.178229598957144741e-01
5.696052558852859882e-01
6.213875518748573912e-01
6.731698478644289052e-01
7.249521438540003082e-01
7.767344398435718222e-01
8.285167358331432252e-01
8.802990318227146282e-01
9.320813278122861423e-01
9.838636238018575453e-01
1.035645919791428948e+00
1.087428215781000462e+00
1.139210511770571976e+00
1.190992807760143490e+00
1.242775103749714782e+00
1.242775103749714782e+00
1.253064099599726200e+00
1.263353095449737618e+00
1.273642091299749035e+00
1.283931087149760453e+00
1.294220082999771870e+00
1.304509078849783288e+00
1.314798074699794705e+00
1.325087070549806123e+00
1.335376066399817541e+00
1.345665062249828958e+00
1.355954058099840376e+00
1.366243053949851571e+00
1.376532049799862989e+00
1.386821045649874407e+00
1.397110041499885824e+00
1.407399037349897242e+00
1.417688033199908659e+00
1.427977029049920077e+00
1.438266024899931494e+00
1.448555020749942912e+00
1.458844016599954330e+00
1.469133012449965747e+00
1.479422008299977165e+00
1.489711004149988582e+00
1.500000000000000000e+00
1.500000000000000000e+00
0.000000000000000000e+00
5.029030794222998785e-02
1.005806158844599757e-01
1.508709238266899566e-01
2.011612317689199514e-01
2.514515397111499184e-01
3.017418476533799132e-01
3.520321555956099080e-01
4.023224635378399028e-01
4.526127714800698976e-01
5.029030794222998368e-01
5.531933873645298316e-01
6.034836953067598264e-01
6.537740032489898212e-01
7.040643111912198160e-01
7.543546191334498108e-01
8.046449270756798056e-01
8.549352350179098003e-01
9.052255429601397951e-01
9.555158509023697899e-01
1.005806158844599674e+00
1.056096466786829779e+00
1.106386774729059663e+00
1.156677082671289769e+00
1.206967390613519653e+00
1.257257698555749759e+00
1.257257698555749759e+00
1.267371961115926871e+00
1.277486223676103982e+00
1.287600486236281094e+00
1.297714748796458206e+00
1.307829011356635318e+00
1.317943273916812430e+00
1.328057536476989320e+00
1.338171799037166432e+00
1.348286061597343544e+00
1.358400324157520656e+00
1.368514586717697767e+00
1.378628849277874879e+00
1.388743111838051991e+00
1.398857374398229103e+00
1.408971636958406215e+00
1.419085899518583327e+00
1.429200162078760439e+00
1.439314424638937329e+00
1.449428687199114441e+00
1.459542949759291552e+00
1.469657212319468664e+00
1.479771474879645776e+00
1.489885737439822888e+00
1.500000000000000000e+00
1.500000000000000000e+00
0.000000000000000000e+00
5.087478237751712207e-02
1.017495647550342441e-01
1.526243471325513523e-01
2.034991295100684883e-01
2.543739118875856242e-01
3.052486942651027046e-01
3.561234766426198406e-01
4.069982590201369765e-01
4.578730413976541125e-01
5.087478237751712484e-01
5.596226061526883289e-01
6.104973885302054093e-01
6.613721709077226008e-01
7.122469532852396812e-01
7.631217356627568726e-01
8.139965180402739531e-01
8.648713004177910335e-01
9.157460827953082250e-01
9.666208651728253054e-01
1.017495647550342497e+00
1.068370429927859577e+00
1.119245212305376658e+00
1.170119994682893738e+00
1.220994777060410819e+00
1.271869559437928121e+00
1.271869559437928121e+00
1.282239124918022277e+00
1.292608690398116433e+00
1.302978255878210589e+00
1.313347821358304746e+00
1.323717386838398902e+00
1.334086952318493280e+00
1.344456517798587436e+00
1.354826083278681592e+00
1.365195648758775748e+00
1.375565214238869904e+00
1.385934779718964061e+00
1.396304345199058217e+00
1.406673910679152373e+00
1.417043476159246529e+00
1.427413041639340685e+00
1.437782607119435063e+00
1.448152172599529219e+00
1.458521738079623375e+00
1.468891303559717532e+00
1.479260869039811688e+00
1.489630434519905844e+00
1.500000000000000000e+00
1.500000000000000000e+00
0.000000000000000000e+00
5.146427498927402810e-02
1.029285499785480562e-01
1.543928249678220843e-01
2.058570999570961124e-01
2.573213749463701405e-01
3.087856499356441686e-01
3.602499249249181967e-01
4.117141999141922248e-01
4.631784749034662529e-01
5.146427498927402810e-01
5.661070248820143647e-01
6.175712998712883373e-01
6.690355748605623099e-01
7.204998498498363935e-01
7.719641248391104771e-01
8.234283998283844497e-01
8.748926748176584223e-01
9.263569498069325059e-01
9.778212247962065895e-01
1.029285499785480562e+00
1.080749774774754535e+00
1.132214049764028729e+00
1.183678324753302702e+00
1.235142599742576675e+00
1.286606874731850647e+00
1.286606874731850647e+00
1.296768452125572013e+00
1.306930029519293379e+00
1.317091606913014745e+00
1.327253184306736333e+00
1.337414761700457699e+00
1.347576339094179065e+00
1.357737916487900431e+00
1.367899493881621797e+00
1.378061071275343163e+00
1.388222648669064530e+00
1.398384226062786118e+00
1.408545803456507484e+00
1.418707380850228850e+00
1.428868958243950216e+00
1.439030535637671582e+00
1.449192113031392948e+00
1.459353690425114314e+00
1.469515267818835902e+00
1.479676845212557268e+00
1.489838422606278634e+00
1.500000000000000000e+00
1.500000000000000000e+00
0.000000000000000000e+00
5.005638270499526699e-02
1.001127654099905340e-01
1.501691481149858010e-01
2.002255308199810679e-01
2.502819135249763072e-01
3.003382962299716019e-01
3.503946789349668967e-01
4.004510616399621359e-01
4.505074443449573751e-01
5.005638270499526143e-01
5.506202097549479646e-01
6.006765924599432038e-01
6.507329751649384431e-01
7.007893578699337933e-01
7.508457405749290325e-01
8.009021232799242718e-01
8.509585059849195110e-01
9.010148886899147502e-01
9.510712713949101005e-01
1.001127654099905229e+00
1.051184036804900579e+00
1.101240419509895929e+00
1.151296802214891057e+00
1.201353184919886408e+00
1.251409567624881758e+00
1.301465950329876886e+00
1.301465950329876886e+00
1.311915110838830723e+00
1.322364271347784559e+00
1.332813431856738395e+00
1.343262592365692232e+00
1.353711752874646068e+00
1.364160913383599905e+00
1.374610073892553741e+00
1.385059234401507577e+00
1.395508394910461636e+00
1.405957555419415472e+00
1.416406715928369309e+00
1.426855876437323145e+00
1.437305036946276982e+00
1.447754197455230818e+00
1.458203357964184654e+00
1.468652518473138491e+00
1.479101678982092327e+00
1.489550839491046164e+00
1.500000000000000000e+00
1.500000000000000000e+00
0.000000000000000000e+00
5.063243103774573567e-02
1.012648620754914713e-01
1.518972931132372139e-01
2.025297241509829427e-01
2.531621551887286992e-01
3.037945862264744279e-01
3.544270172642201566e-01
4.050594483019658854e-01
4.556918793397116141e-01
5.063243103774573983e-01
5.569567414152031271e-01
6.075891724529488558e-01
6.582216034906945845e-01
7.088540345284403132e-01
7.594864655661860420e-01
8.101188966039317707e-01
8.607513276416774994e-01
9.113837586794232282e-01
9.620161897171689569e-01
1.012648620754914797e+00
1.063281051792660525e+00
1.113913482830406254e+00
1.164545913868151983e+00
1.215178344905897712e+00
1.265810775943643440e+00
1.316443206981389169e+00
1.316443206981389169e+00
1.326640806593534228e+00
1.336838406205679286e+00
1.347036005817824345e+00
1.357233605429969403e+00
1.367431205042114462e+00
1.377628804654259520e+00
1.387826404266404579e+00
1.398024003878549637e+00
1.408221603490694473e+00
1.418419203102839532e+00
1.428616802714984590e+00
1.438814402327129649e+00
1.449012001939274707e+00
1.459209601551419766e+00
1.469407201163564824e+00
1.479604800775709883e+00
1.489802400387854941e+00
1.500000000000000000e+00
1.500000000000000000e+00
0.000000000000000000e+00
5.121289144331276494e-02
1.024257828866255299e-01
1.536386743299383018e-01
2.048515657732510598e-01
2.560644572165638455e-01
3.072773486598766035e-01
3.584902401031893615e-01
4.097031315465021195e-01
4.609160229898148775e-01
5.121289144331276910e-01
5.633418058764404490e-01
6.145546973197532070e-01
6.657675887630659650e-01
7.169804802063787230e-01
7.681933716496914810e-01
8.194062630930042390e-01
8.706191545363169970e-01
9.218320459796297550e-01
9.730449374229425130e-01
1.024257828866255382e+00
1.075470720309568140e+00
1.126683611752880898e+00
1.177896503196193656e+00
1.229109394639506414e+00
1.280322286082819172e+00
1.331535177526131930e+00
1.331535177526131930e+00
1.342064228930748726e+00
1.352593280335365522e+00
1.363122331739982096e+00
1.373651383144598892e+00
1.384180434549215688e+00
1.394709485953832484e+00
1.405238537358449280e+00
1.415767588763066076e+00
1.426296640167682650e+00
1.436825691572299446e+00
1.447354742976916242e+00
1.457883794381533038e+00
1.468412845786149834e+00
1.478941897190766408e+00
1.489470948595383204e+00
1.500000000000000000e+00
1.500000000000000000e+00
0.000000000000000000e+00
5.179763477226248525e-02
1.035952695445249705e-01
1.553929043167874557e-01
2.071905390890499410e-01
2.589881738613124540e-01
3.107858086335749115e-01
3.625834434058373690e-01
4.143810781780998820e-01
4.661787129503623950e-01
5.179763477226249080e-01
5.697739824948873100e-01
6.215716172671498230e-01
6.733692520394123360e-01
7.251668868116747380e-01
7.769645215839372510e-01
8.287621563561997640e-01
8.805597911284622770e-01
9.323574259007247900e-01
9.841550606729871919e-01
1.035952695445249816e+00
1.087750330217512218e+00
1.139547964989774620e+00
1.191345599762037244e+00
1.243143234534299646e+00
1.294940869306562048e+00
1.346738504078824672e+00
1.346738504078824672e+00
1.356955937140236435e+00
1.367173370201647975e+00
1.377390803263059738e+00
1.387608236324471500e+00
1.397825669385883041e+00
1.408043102447294803e+00
1.418260535508706566e+00
1.428477968570118106e+00
1.438695401631529869e+00
1.448912834692941631e+00
1.459130267754353172e+00
1.469347700815764934e+00
1.479565133877176697e+00
1.489782566938588237e+00
1.500000000000000000e+00
1.500000000000000000e+00
0.000000000000000000e+00
5.044629389560485039e-02
1.008925877912097008e-01
1.513388816868145581e-01
2.017851755824194016e-01
2.522314694780242728e-01
3.026777633736291162e-01
3.531240572692339597e-01
4.035703511648388031e-01
4.540166450604436466e-01
5.044629389560485455e-01
5.549092328516533890e-01
6.053555267472582324e-01
6.558018206428630759e-01
7.062481145384679193e-01
7.566944084340727628e-01
8.071407023296776062e-01
8.575869962252824497e-01
9.080332901208872931e-01
9.584795840164921366e-01
1.008925877912097091e+00
1.059372171807701823e+00
1.109818465703306778e+00
1.160264759598911510e+00
1.210711053494516465e+00
1.261157347390121197e+00
1.311603641285726152e+00
1.362049935181330884e+00
1.362049935181330884e+00
1.372661478628920850e+00
1.383273022076510816e+00
1.393884565524100783e+00
1.404496108971690527e+00
1.415107652419280493e+00
1.425719195866870459e+00
1.436330739314460425e+00
1.446942282762050391e+00
1.457553826209640357e+00
1.468165369657230102e+00
1.478776913104820068e+00
1.489388456552410034e+00
1.500000000000000000e+00
1.500000000000000000e+00
