-0.002015004738510611
5.035320250675319e-5
-3.0220261244434355e-5
0.0007226125211463245
0.0008585250919812571
0.00017224740576878724
-0.0008586542419506652
-0.00018149544887563102
-0.0005663954570932355
0.0006779303319034353
-0.00013283379138573928
-0.0008116474740737363
4.6043554233743575e-5
0.0021045934193410043
-0.0014611974999313901
-0.0005078533701947267
-0.000381325385063405
0.0005772723289078272
0.001703655028631988
-0.0019551199818563262
-0.00047605926071223753
0.0007264718550417311
-0.0008071409413833463
-8.688638590920839e-6
0.0024559742295970593
-0.9344375756400501
-0.992340390306292
-1.0460129169826937
-1.0968801365712488
-1.1453159465770513
-1.1916169122355997
-1.2360229953112347
-1.2787316392772363
-1.3199076423123712
-1.3596902628750234
-1.3981984510298033
-1.4355347767191118
-1.471788431134723
-1.5070375553656221
-1.5413510719909373
-1.574790143504261
