-1.5754298935218616
-1.5413741328512607
-1.5070617159825859
-1.4718138028335572
-1.4355614886226162
-1.3982266540699035
-1.3597201350011747
-1.3199393953575598
-1.2787655281546568
-1.2360593305649916
-1.1916560775320302
-1.1453584236611518
-1.0969265419006378
-1.0460640572912685
-0.9923973502269986
-0.9354439526274254
-0.8745620581804986
-0.8088651860067428
-0.7370671198055736
-0.6571714889609944
-0.5657586722709913
-0.4559545977898939
-0.30872124285701313
-8.368786219693369e-6
-0.00019725150964775465
0.0014455259896266758
-0.0012010711905227588
0.0007962555168952976
0.0004660088307267246
-0.0008531271375999376
0.0003224543287875729
-3.6585154824195066e-5
-0.00024076793048084225
0.0003558180751065336
0.000482381669464287
4.6085800857619306e-5
-0.0001112794762882361
9.295335490630503e-5
-0.0005089691758700744
0.00023478156361691934
-0.00029658794400909996
