-4.000000000134120270e+00
-3.994996871202856070e+00
-3.979949748512489283e+00
-3.954743986710571146e+00
-3.919183588552004771e+00
-3.872983346357230960e+00
-3.815756805875520463e+00
-3.746998799312893258e+00
-3.666060556302272122e+00
-3.572114220321345179e+00
-3.464101615659842981e+00
-3.340658618335988095e+00
-3.200000000774962050e+00
-3.039736831654587856e+00
-2.856571372562247468e+00
-2.645751312383020082e+00
-2.400000001550194995e+00
-2.400000001550086193e+00
-2.344302199295255740e+00
-2.286512494902353421e+00
-2.226468003499639803e+00
-2.163981040909379150e+00
-2.098833464987271302e+00
-2.030769232493256915e+00
-1.959484429917776271e+00
-1.884613642129097544e+00
-1.805710863526052812e+00
-1.722222012042969430e+00
-1.633444026718148701e+00
-1.538461540715812204e+00
-1.436043951134839292e+00
-1.324467568626496616e+00
-1.201182852272658419e+00
-1.062120493310232172e+00
-8.999963519016730418e-01
-6.989425712454273576e-01
-4.045760688717178755e-01
-1.302000584978961310e-03
2.080529034918754508e-06
9.559953554812587739e-03
-1.577847736958453524e-04
-4.198315355542123727e-03
-8.774304740528449456e-04
1.362976902569529650e-03
5.836365451523879526e-03
4.403446398422470459e-03
-2.477830658287967849e-03
-3.614044093950275361e-03
1.058796592250308907e-02
1.050960993691629070e-03
-9.910155359982865050e-03
-5.992617343217574745e-05
-5.367077120016714928e-03
9.429447715521580009e-03
-2.774915732073562121e-03
1.996818246874136182e-03
-9.087993165633741904e-03
8.380893394835692289e-03
8.203681926021090531e-03
-4.993256612405115070e-03
4.020450333953530693e-03
-9.295998009741445692e-04
-1.380213955894398067e-03
5.012314181883283527e-04
-3.999999508331047338e+00
-3.994995614727101074e+00
-3.979946708537743572e+00
-3.954738141635865567e+00
-3.919173858979799085e+00
-3.872968604676336746e+00
-3.815736248109285356e+00
-3.746971860214386663e+00
-3.666026386043147234e+00
-3.572070201525693101e+00
-3.464045855918214567e+00
-3.340589090054080668e+00
-3.199913686713945715e+00
-3.039630022393593922e+00
-2.856438562460670294e+00
-2.645585843412716187e+00
-2.399791862061316117e+00
-2.399792046466529882e+00
-2.344097567688717465e+00
-2.286311377283485324e+00
-2.226270806474001329e+00
-2.163787969498163655e+00
-2.098644892219135194e+00
-2.030585463197636997e+00
-1.959305727156100962e+00
-1.884440549828082290e+00
-1.805543940864238195e+00
-1.722061622862819386e+00
-1.633290829561015123e+00
-1.538316140576752256e+00
-1.435907149196963939e+00
-1.324340204957543676e+00
-1.201066125954080688e+00
-1.062016094564498303e+00
-8.999061740538800702e-01
-6.988702575967232766e-01
-4.045284822195948649e-01
-1.309161635047823230e-03
-1.290237191466303526e-05
8.015853429342153710e-03
-1.470255865057779813e-04
-3.438229710516789179e-03
7.704342911613119502e-03
4.812740585473775719e-04
1.254199075558178229e-02
-6.109401579791485203e-03
-1.488095721310994483e-03
-2.233560661197316185e-04
-2.412368869131084614e-03
-1.726944132123750530e-03
8.731447119752359974e-04
1.084858606575919227e-03
5.577031326779483336e-03
-1.700712256781302008e-03
8.482556710495260319e-03
3.589702680521376834e-04
6.096232257068470717e-03
-6.309007106247077265e-03
1.170760823178149199e-04
-3.751686206361305926e-04
5.679741608497834889e-03
1.191363429042786295e-03
2.359874978319603366e-03
-3.999998996156798992e+00
-3.994993307865185361e+00
-3.979939601352968204e+00
-3.954723114591587319e+00
-3.919147697784030715e+00
-3.872927910444437405e+00
-3.815676952564345470e+00
-3.746889232420080429e+00
-3.665915358725966300e+00
-3.571926665828843994e+00
-3.463863875629601630e+00
-3.340361357463824898e+00
-3.199631646970446219e+00
-3.039282715811946201e+00
-2.856011950924625342e+00
-2.645058936388132054e+00
-2.399132583811081521e+00
-2.399131754168615238e+00
-2.343446636033603259e+00
-2.285670627278186817e+00
-2.225640964760691176e+00
-2.163169917920504837e+00
-2.098039440156492574e+00
-2.029993718377037126e+00
-1.958728787516212488e+00
-1.883879375097937015e+00
-1.804999695679122995e+00
-1.721535783318176360e+00
-1.632784791586533446e+00
-1.537831611142797650e+00
-1.435445960798262810e+00
-1.323904634708756856e+00
-1.200658529375229877e+00
-1.061639163433778510e+00
-8.995630380523229608e-01
-6.985618451290650510e-01
-4.042310208122414372e-01
-1.310791264510251545e-03
-3.803964393645742163e-06
5.258017764922135427e-03
2.328840033535193818e-04
-1.993112145329558292e-03
4.274413966853555027e-03
-3.473651429560419479e-04
-3.666558917025103739e-03
-5.771983695004437092e-04
1.067481359668251244e-03
7.885903477870475492e-03
1.512212670715057687e-03
2.220343619398979645e-03
-7.189980585869730663e-03
-2.403018750860312007e-04
-6.019933380460490251e-03
4.205980406634091638e-03
9.285798869959971738e-03
2.627915981909081586e-03
7.787848296234922002e-03
-2.971376882073465883e-03
2.163877196836475753e-03
-1.015697427763029780e-04
-2.184430054302838060e-03
-2.497845289814778786e-03
5.150360267981848178e-03
-3.999999204119769391e+00
-3.994990847901841224e+00
-3.979929287443852992e+00
-3.954699820043203307e+00
-3.919106047342836074e+00
-3.872862301359428105e+00
-3.815581271812497288e+00
-3.746756825024740944e+00
-3.665738894016631999e+00
-3.571697781614803446e+00
-3.463572781947116930e+00
-3.339996428373559478e+00
-3.199178627512768269e+00
-3.038723377007876092e+00
-2.855321952295124088e+00
-2.644204077850648815e+00
-2.398060801548790977e+00
-2.398059482203852344e+00
-2.342391026145648425e+00
-2.284633074369128103e+00
-2.224622776523931922e+00
-2.162172659142231890e+00
-2.097064738754238711e+00
-2.029043200198961561e+00
-1.957804403074611344e+00
-1.882983234349487889e+00
-1.804133889193437756e+00
-1.720702863721208731e+00
-1.631987744066452972e+00
-1.537073526352082498e+00
-1.434730541399451331e+00
-1.323236337579838384e+00
-1.200042876571726147e+00
-1.061083186992708427e+00
-8.990761016907635739e-01
-6.981573193714917247e-01
-4.039246614161927096e-01
-1.326525376189822188e-03
1.788263800806248630e-04
2.197549138925227689e-03
2.768930186278498878e-03
1.174699551705441500e-03
-5.008781874356912737e-04
-2.135455202536314621e-03
4.571361042737639296e-03
-8.295610969190759035e-03
-1.195570634886429636e-03
1.051306300819467715e-02
6.482024053721930842e-03
-1.293820894430567096e-04
1.203954158913126066e-03
-8.451574539626989470e-05
-2.127445839589718439e-04
5.698566017608498388e-03
7.603405555891291044e-03
-6.726543682512263478e-03
-3.364055445716120172e-03
-8.670467658277353261e-04
2.371607885461814950e-03
-5.522562955646272359e-04
-1.325851344196092270e-03
-6.580554225764561303e-03
-4.208349917288490075e-03
-3.999999641555540553e+00
-3.994987685186778936e+00
-3.979915338798145186e+00
-3.954667899608718340e+00
-3.919048688426247207e+00
-3.872771599942481213e+00
-3.815448858799303178e+00
-3.746573438441676895e+00
-3.665494235512805510e+00
-3.571380099581188627e+00
-3.463168530207218154e+00
-3.339489386497415335e+00
-3.198548954783795306e+00
-3.037945685635620841e+00
-2.854362413246413599e+00
-2.643014991027315741e+00
-2.396569248722209888e+00
-2.396567367819835592e+00
-2.340922339480475234e+00
-2.283189633233127402e+00
-2.223206576450469818e+00
-2.160785856184526565e+00
-2.095709588143018998e+00
-2.027722143730959381e+00
-1.956520059570213466e+00
-1.881738432909484171e+00
-1.802931960683528345e+00
-1.719547360744960285e+00
-1.630882558616012723e+00
-1.536023266535817777e+00
-1.433740658781480271e+00
-1.322313231438017933e+00
-1.199194501654128553e+00
-1.060319619727535967e+00
-8.984122178251670032e-01
-6.976141378755482680e-01
-4.035360373132937384e-01
-1.321014450513881321e-03
8.688392967671773950e-04
-2.091366516208381626e-06
-8.659662919414985380e-03
8.353016074587184953e-03
-1.292883558192914947e-03
5.855916965110477719e-03
4.400817111263685341e-03
-7.725511683132523649e-03
7.600041418666028149e-03
4.225424876088128452e-03
7.704842220785680477e-03
6.775681742523964601e-03
-3.650712875517202541e-03
-8.167580527773122536e-04
5.417690464204343546e-03
-9.085139107886419955e-04
1.793503628022637695e-03
5.449365432625710715e-03
9.776961698642950595e-04
-2.261250485215953159e-03
-7.455635555999712803e-03
3.417301232667408536e-03
5.151937957575106544e-03
-1.879178637623307680e-03
1.113369540936808922e-03
-3.999999651598930228e+00
-3.994983040640336380e+00
-3.979896922928465308e+00
-3.954626554631223367e+00
-3.918974888892575947e+00
-3.872655258095980990e+00
-3.815279099845063193e+00
-3.746338465689246888e+00
-3.665180861089131881e+00
-3.570973419510346858e+00
-3.462651200936602169e+00
-3.338840572196335454e+00
-3.197743171673478990e+00
-3.036950310852829737e+00
-2.853134169883692284e+00
-2.641492608086528193e+00
-2.394659315976979119e+00
-2.394656995568577695e+00
-2.339042428763372872e+00
-2.281342557001551530e+00
-2.221394920070521639e+00
-2.159012331187065925e+00
-2.093977136005072293e+00
-2.026033913731986935e+00
-1.954879415191069780e+00
-1.880149149873225456e+00
-1.801398117928028286e+00
-1.718073617042480628e+00
-1.629474000656872645e+00
-1.534686204051184832e+00
-1.432482346841796872e+00
-1.321142211315142312e+00
-1.198121940931348606e+00
-1.059360441189976854e+00
-8.975858846606795671e-01
-6.969536395475753876e-01
-4.031061940461547755e-01
-1.244970098175292523e-03
2.787327063549524617e-03
-9.120876436937564022e-04
-2.595281880197887730e-03
-6.010876232952481156e-03
2.662327587026261507e-04
-3.975336582282378017e-03
-1.518130703641055925e-03
1.181097243860482204e-02
-4.784938499132662150e-03
-2.168788977295205318e-03
-1.514919557906755938e-03
-6.394372222686016925e-03
-4.985671230511670330e-05
-9.181766035955630026e-03
-2.217383586515930295e-03
1.280521008939749074e-03
1.918367460143941645e-03
5.222551042679544550e-03
2.138851068744036712e-03
-1.191502663820023789e-03
-4.871742395242760482e-03
5.865351991603280808e-03
-5.227000318034122350e-03
-5.412436525819981810e-03
-3.718841763958373198e-03
-3.999999553565361410e+00
-3.994977486118296728e+00
-3.979874862361400201e+00
-3.954576754511042846e+00
-3.918885751863181000e+00
-3.872514460815927428e+00
-3.815073484359175371e+00
-3.746053643462577742e+00
-3.664800864632508315e+00
-3.570480037593476208e+00
-3.462023212594597332e+00
-3.338052806205887624e+00
-3.196764489662062392e+00
-3.035741379415628050e+00
-2.851642707152323375e+00
-2.639644352642062763e+00
-2.392340330443671448e+00
-2.392338788658736171e+00
-2.336762697546806766e+00
-2.279104438688822842e+00
-2.219201603266955480e+00
-2.156866829704476185e+00
-2.091882706919086399e+00
-2.023994519918682844e+00
-1.952899996003652161e+00
-1.878234539277910509e+00
-1.799553275282179676e+00
-1.716304813460947098e+00
-1.627787664712794458e+00
-1.533090508294429277e+00
-1.430986007266467963e+00
-1.319756602507109688e+00
-1.196860602806077756e+00
-1.058240911446176158e+00
-8.966343282656029645e-01
-6.962147550748716274e-01
-4.026886038796097522e-01
-9.919541756839790527e-04
8.670633868534305747e-03
-5.442592697874870308e-03
-6.529313756427637672e-03
1.139784428788606641e-03
-1.335933285415163638e-02
-5.141950053427879475e-03
2.223444498874924645e-03
3.553532746446440120e-03
1.652392464315608671e-03
-1.752938933659804310e-03
-3.718733489627042144e-03
-1.026451154057152204e-02
1.298873902225025840e-04
-7.227563500168897835e-03
-1.142367449142682283e-03
6.367758198567605339e-03
6.313923279324293010e-04
1.014962559211080766e-03
-1.132791127668225780e-03
2.079233944520041382e-03
3.611781014634227096e-03
-7.170084130747865839e-03
2.776297295427241317e-04
2.161371671326806250e-03
2.659813215963264654e-03
-3.999999460245974525e+00
-3.994971164825680709e+00
-3.979849722286169733e+00
-3.954519667136312755e+00
-3.918783259128836072e+00
-3.872351934217805880e+00
-3.814835392303726813e+00
-3.745723362967853021e+00
-3.664359742844609080e+00
-3.569906258373665153e+00
-3.461292109831593411e+00
-3.337134995169944940e+00
-3.195623893682359107e+00
-3.034331738992740224e+00
-2.849901310635133189e+00
-2.637483327332655669e+00
-2.389626148265703964e+00
-2.389623811802113806e+00
-2.334091635678741561e+00
-2.276480619987676146e+00
-2.216628725745945605e+00
-2.154349247676256685e+00
-2.089425057916064699e+00
-2.021601136041975000e+00
-1.950575219787101799e+00
-1.875983747222475406e+00
-1.797382866192904771e+00
-1.714221126000519124e+00
-1.625798792896542055e+00
-1.531204638274335394e+00
-1.429213909756579248e+00
-1.318110694530278071e+00
-1.195356452620040422e+00
-1.056899875114789333e+00
-8.954866810951256362e-01
-6.953084246992744522e-01
-4.021311637237068859e-01
-4.925793550534613915e-04
8.072365046875204855e-03
-3.228719565202231925e-03
3.723244429928110593e-03
-1.637236572801833772e-03
4.499242707508817676e-03
-1.230641608020014398e-02
-2.582428553055318883e-03
-2.317049704428713990e-03
-8.900159686757091668e-03
3.188521170746579786e-03
8.512718742288408538e-03
-5.607845093174849971e-03
7.978347497368185048e-03
4.183819244813434795e-04
2.884419601108253062e-03
-5.172058974528230893e-03
6.682306952388551106e-04
-3.113296891868736621e-03
-5.076348201339189736e-03
-7.399816532011768873e-03
-7.838986683859891502e-03
-2.933213669747113724e-03
-3.811642651379412283e-03
6.544651320049653734e-03
5.778100520774280758e-05
-3.999999378777296943e+00
-3.994963755867956046e+00
-3.979820118575248422e+00
-3.954452787173616368e+00
-3.918663527475445996e+00
-3.872162999653634419e+00
-3.814560023012413925e+00
-3.745341855289279209e+00
-3.663850191788914579e+00
-3.569244799110270705e+00
-3.460450279049228417e+00
-3.336078998104015980e+00
-3.194311424350460449e+00
-3.032708887874782988e+00
-2.847897152066221516e+00
-2.634997235562190898e+00
-2.386503604763773989e+00
-2.386501188236223037e+00
-2.331020052808796539e+00
-2.273463993113743697e+00
-2.213671128050486825e+00
-2.151455327734470568e+00
-2.086599529819160637e+00
-2.018849346581188531e+00
-1.947903058026540402e+00
-1.873397629078419335e+00
-1.794889754308015783e+00
-1.711828617818273113e+00
-1.623515571683195491e+00
-1.529041023423388657e+00
-1.427181818669948532e+00
-1.316224598025332204e+00
-1.193634851783010431e+00
-1.055366725345646461e+00
-8.941762705880089701e-01
-6.942770843100452005e-01
-4.015070363741240489e-01
4.505880638002039739e-04
-5.267424610385757280e-03
9.720696708656348470e-04
1.473364423583383397e-02
-5.740549077308934600e-03
-6.702485131946553073e-04
-2.162523337683048587e-03
5.210839777002433952e-05
-1.730061170716197007e-03
6.928575110688143949e-04
3.246935607913307748e-04
3.322583386426373585e-03
-1.766189340293183212e-03
-5.798719919885706592e-03
2.412646267935740496e-03
-3.839177972730061037e-03
-7.011915348954169021e-03
8.773987967905001392e-03
6.300301472982983847e-03
-1.512153595264899026e-03
8.956438330086833027e-04
-4.945814509167334227e-05
4.733098309533990272e-03
1.200885123901163261e-03
3.375472859222171081e-04
-3.066598413945531738e-03
-3.999999308123704189e+00
-3.994955239707520978e+00
-3.979786721978690878e+00
-3.954377754739030859e+00
-3.918529181469067257e+00
-3.871951053737145987e+00
-3.814250245208258061e+00
-3.744912792581263972e+00
-3.663277823700857638e+00
-3.568501455856959215e+00
-3.459503938496276021e+00
-3.334891175397165508e+00
-3.192835321186341613e+00
-3.030884521317660507e+00
-2.845644034413708834e+00
-2.632201273687868603e+00
-2.382990349413244502e+00
-2.382987328698185081e+00
-2.327563218894679320e+00
-2.270068947450265995e+00
-2.210342648625456263e+00
-2.148198260895364253e+00
-2.083419442781174524e+00
-2.015752139365246887e+00
-1.944894998595013025e+00
-1.870485804958297082e+00
-1.792081478174700537e+00
-1.709132761193324690e+00
-1.620942355735216056e+00
-1.526601537007283405e+00
-1.424889040031695586e+00
-1.314094629094720190e+00
-1.191687897428421739e+00
-1.053629467978338008e+00
-8.926874312856681870e-01
-6.930988792708376867e-01
-4.007757321634264902e-01
2.103314386448567816e-03
-1.737337309069266963e-02
4.068157735288540321e-03
1.982118041210967092e-03
-9.962037554830624128e-03
-9.124356426549198006e-04
4.590672970212996383e-03
-2.703459052142270173e-03
-3.787027389516001152e-03
-1.233913153251823018e-03
3.579573464083153807e-03
-1.717789445522393231e-03
2.509166269295679246e-03
-1.032959142406259271e-03
9.602361927473141920e-03
-6.202118286911973734e-03
1.243128750070715636e-03
-4.926066554535487836e-04
3.933009124708775078e-06
3.208869364958388614e-05
3.085387638805840780e-05
5.393728995049402661e-03
7.726971739669771409e-04
2.289568810430175298e-03
2.957187792320627954e-03
-4.432676434377317079e-03
-3.999999215279176124e+00
-3.994945949158553500e+00
-3.979750039433028519e+00
-3.954294971648809387e+00
-3.918380652606350267e+00
-3.871716365171448793e+00
-3.813907489530720341e+00
-3.744437730606728909e+00
-3.662643726556571888e+00
-3.567677840762541575e+00
-3.458455266211122758e+00
-3.333575072977384757e+00
-3.191199570411961783e+00
-3.028862841886813317e+00
-2.843147597736547905e+00
-2.629103214279033374e+00
-2.379096327445228809e+00
-2.379092907090336606e+00
-2.323734967525818540e+00
-2.266310222552307518e+00
-2.206658054543320535e+00
-2.144593710174626189e+00
-2.079901141005400245e+00
-2.012326540160319865e+00
-1.941569301253174062e+00
-1.867267543918960326e+00
-1.788979896755314325e+00
-1.706157675131622753e+00
-1.618104474737210863e+00
-1.523913004181259856e+00
-1.422365084314804795e+00
-1.311755171254685770e+00
-1.189555409588064938e+00
-1.051734365389621617e+00
-8.910733111154579555e-01
-6.918411321161962446e-01
-4.000494628055147328e-01
5.488424309748245709e-03
5.731743402107542656e-03
1.357636505970731306e-04
5.815964356918990746e-03
5.253987628411905739e-03
-1.227500508288836660e-02
-6.292655852871390128e-03
4.634936551930308947e-04
2.087132030053171546e-03
1.084402870460196696e-03
-1.385238095431217406e-03
-8.258188082173784778e-03
-1.506033545688708947e-04
-6.786034623245460265e-03
4.203930312581908094e-03
4.871892739759910509e-03
-8.926859516213280984e-03
-2.240178959044108456e-04
-7.515991304563322123e-03
8.641203657906158450e-03
-3.356685544505884702e-03
-5.258087415890002822e-04
3.665378697340457737e-05
-3.038051043089270379e-03
-6.026123192366648201e-03
3.172019208592248389e-03
-3.999999161393084979e+00
-3.994936603283403276e+00
-3.979710851226808010e+00
-3.954205553240822901e+00
-3.918219704497043931e+00
-3.871461376584153236e+00
-3.813534429701418205e+00
-3.743920183601353369e+00
-3.661952485238906263e+00
-3.566779425553654459e+00
-3.457310789033124276e+00
-3.332138065605986021e+00
-3.189412624655196815e+00
-3.026652382474368519e+00
-2.840415528699541614e+00
-2.625711219395966634e+00
-2.374830558646669587e+00
-2.374826723574404053e+00
-2.319536719305091310e+00
-2.262187288846302824e+00
-2.202616914312817809e+00
-2.140639736345350208e+00
-2.076040214768309689e+00
-2.008566278956780859e+00
-1.937917510154542500e+00
-1.863732569148331741e+00
-1.785571412181225170e+00
-1.702887503482164222e+00
-1.614985562869891700e+00
-1.520960108628856000e+00
-1.419594951163738683e+00
-1.309186313256092360e+00
-1.187213480829746093e+00
-1.049652336386266205e+00
-8.892993273910609897e-01
-6.904546537411393459e-01
-3.992409036494891095e-01
1.302456251605713447e-02
1.618144189219892365e-02
-3.146017307926503390e-03
-4.524380290447278796e-03
5.828310187761151203e-04
1.038600907508167165e-02
-1.078754789459044705e-03
-4.142408285197705063e-03
-4.827711348526483003e-03
-5.433420685512184781e-03
-3.073166272864349177e-03
-6.901937066252656489e-03
1.864640812727323899e-03
8.667548243159366519e-04
9.238645039223513517e-03
-4.786320810768458604e-03
-1.145781469119400891e-03
-2.165884967007166914e-03
1.598786653138688143e-03
2.691722974922340899e-03
-3.791286062638093111e-03
3.385556680849674885e-04
-4.110215546768891844e-04
-1.696344359828160073e-04
-9.272346214776660888e-06
-1.757823494767253364e-03
-3.999999003457493263e+00
-3.994926039869151069e+00
-3.979668372584169944e+00
-3.954108384070226023e+00
-3.918044988035332743e+00
-3.871184709729083906e+00
-3.813129559765497056e+00
-3.743358891313071091e+00
-3.661202937659551182e+00
-3.565805473802381442e+00
-3.456070235576636396e+00
-3.330580432121243106e+00
-3.187475915643046331e+00
-3.024257650944464082e+00
-2.837455838322041846e+00
-2.622035188181380150e+00
-2.370205882477105508e+00
-2.370203631145818335e+00
-2.314992126602927414e+00
-2.257725155586037147e+00
-2.198243474924547414e+00
-2.136362702051225249e+00
-2.071867822464409592e+00
-2.004507221116611060e+00
-1.933980217853193517e+00
-1.859926009597205221e+00
-1.781904497964461154e+00
-1.699371134248120141e+00
-1.611632273274427707e+00
-1.517785102872359904e+00
-1.416616153294956826e+00
-1.306426623386079511e+00
-1.184701751845829598e+00
-1.047426972346550578e+00
-8.874154551386549405e-01
-6.890049151077438649e-01
-3.984548696721203487e-01
8.524098250210566594e-03
-4.063496345376793779e-03
-1.346074601754418398e-02
-2.024994550667708493e-03
-3.842130777420470471e-03
4.968395633979795327e-03
5.674571618963912892e-03
8.320642161711787679e-03
-3.557631808097533235e-03
-6.538622694300768798e-03
4.386290335775343448e-03
-6.163093201436709023e-04
-3.416877621303546393e-03
3.711878361978240403e-03
7.609066606274630593e-03
8.146865939093955039e-03
-6.294135562229475830e-03
-4.307958083958532587e-03
-2.036636791379665880e-03
-4.273658417686436277e-03
4.249408091632662053e-03
5.988593580558987557e-03
1.731095337137611868e-03
6.631871973630522679e-03
5.899735624220391007e-04
-5.427901841511546810e-03
-3.999999029806001083e+00
-3.994914649342642843e+00
-3.979623233652424208e+00
-3.954005531612177382e+00
-3.917859224295065168e+00
-3.870889613254614225e+00
-3.812697315108847462e+00
-3.742758770576983807e+00
-3.660400882408087586e+00
-3.564762727956586552e+00
-3.454741436149660672e+00
-3.328911405921509026e+00
-3.185400591845131579e+00
-3.021690059813606943e+00
-2.834282039788520891e+00
-2.618092450397599080e+00
-2.365241980883469264e+00
-2.365240362936694041e+00
-2.310112146208295414e+00
-2.252936104800316919e+00
-2.193552384096209895e+00
-2.131775891200894613e+00
-2.067392280028988338e+00
-2.000150069143090015e+00
-1.929750704379412429e+00
-1.855835088511466058e+00
-1.777963791388503800e+00
-1.695592608924122668e+00
-1.608030912403765722e+00
-1.514377416633062134e+00
-1.413421733475138220e+00
-1.303468340974181405e+00
-1.182009313686150032e+00
-1.045040710392443728e+00
-8.853941250070401781e-01
-6.874468328368591452e-01
-3.976047375430524777e-01
2.945598179854940196e-04
9.918574065822591615e-03
-4.583142375770904962e-03
-4.047504109306821786e-03
-2.900249796768648055e-04
-8.644163746131269897e-04
-8.857805298492096120e-04
5.644606502227953598e-03
2.598803941439979150e-03
4.215902831744813210e-05
-1.054655566712424213e-03
9.504957354700650438e-03
-6.151437816924818641e-03
-1.142859524406145437e-03
-7.111203313796664836e-03
1.409999129226645440e-04
-2.726243720648076959e-03
5.549343277846990191e-03
4.931384023448581212e-03
-3.639732757379347729e-03
-3.916791723559000888e-04
-2.448830255095076937e-03
3.657760355977874266e-03
-5.840116720414990047e-04
-5.213976717202722282e-04
1.705433029121991182e-03
-3.999998929252565727e+00
-3.994902175062515770e+00
-3.979573428819147995e+00
-3.953894127528704949e+00
-3.917660625573241795e+00
-3.870576323012175912e+00
-3.812239026665187769e+00
-3.742122891846774824e+00
-3.659550804682760727e+00
-3.563657017349142642e+00
-3.453332626960019081e+00
-3.327142249983551903e+00
-3.183199116415844188e+00
-3.018964860293317010e+00
-2.830910083999462756e+00
-2.613898840619455655e+00
-2.359956288714254224e+00
-2.359955257437691856e+00
-2.304916900759024667e+00
-2.247837675635530275e+00
-2.188557505315892104e+00
-2.126892251575029480e+00
-2.062629227726635150e+00
-1.995516286131713724e+00
-1.925255259521684970e+00
-1.851488261233205312e+00
-1.773777655082173110e+00
-1.691580762235239233e+00
-1.604208372682705885e+00
-1.510762439212981700e+00
-1.410035466915995128e+00
-1.300336793613919406e+00
-1.179164856312740373e+00
-1.042526524594410420e+00
-8.832737367205498735e-01
-6.858291711580346561e-01
-3.967746591292508618e-01
-5.065556358902840312e-03
7.460841823965207870e-03
-5.186074770051509256e-03
-2.431197126940073429e-03
-7.171326387860580028e-03
4.209175103737549994e-06
-5.593308481385441885e-03
2.357056334127619729e-04
1.082231295367349841e-02
9.438487273746911169e-03
1.353333407947886159e-03
3.604264149066460816e-03
-1.644086575143109035e-03
-5.412555554997052105e-03
1.708787245464866121e-03
-1.632600174415055859e-03
3.519677937731175831e-03
7.503643261012669756e-04
1.017243491633550491e-05
2.149379462970074477e-04
3.513075709813072954e-04
-6.704476986549930302e-03
2.662002248038147865e-03
-1.470287742664766082e-03
-3.441026457045638989e-03
1.281674446698929807e-03
-3.999998821919662273e+00
-3.994889085430695541e+00
-3.979521440969041368e+00
-3.953776225117718202e+00
-3.917449034711606437e+00
-3.870241898585046858e+00
-3.811750498841573354e+00
-3.741445613054094288e+00
-3.658646119923973927e+00
-3.562481205350996660e+00
-3.451834081171165636e+00
-3.325259298345056624e+00
-3.180855838698953608e+00
-3.016063892005073743e+00
-2.827320755777257943e+00
-2.609434316999190706e+00
-2.354327685316947250e+00
-2.354327697740530745e+00
-2.299385203626527652e+00
-2.242408738455028860e+00
-2.183238661706680350e+00
-2.121691811395669536e+00
-2.057554941234908785e+00
-1.990577766352172651e+00
-1.920463504101044938e+00
-1.846854951793906796e+00
-1.769315729095899847e+00
-1.687304091017199692e+00
-1.600132462041799375e+00
-1.506905408566348914e+00
-1.406419997932554677e+00
-1.296989465819311071e+00
-1.176118846427176123e+00
-1.039827468499289198e+00
-8.809874330820924859e-01
-6.840666661789945868e-01
-3.958125049939663076e-01
-8.816570098139990194e-03
-5.170982313836158632e-03
-1.348463035336540036e-02
-1.489269620268762447e-03
-1.008756744477780180e-02
1.906305217452901888e-03
4.151022956495551038e-03
-6.389529856349511830e-04
-3.641543116358154572e-03
-8.088120285445737218e-03
-2.680308458722934807e-03
5.875164123992574448e-03
-2.152553799756084033e-03
-9.469816052299229875e-03
-2.663481206497239542e-03
8.478886463299354108e-04
-1.739516823620121519e-04
1.956521304333483022e-03
-9.433134552553752673e-04
6.087671699040772544e-03
-6.380662830921508301e-03
5.895639988975135554e-03
-1.741409304307630712e-04
-4.622020308462296409e-04
2.564977383792683800e-03
-2.037647504864049941e-03
-3.999998806680630459e+00
-3.994875136641957258e+00
-3.979466205316266159e+00
-3.953651641824974750e+00
-3.917225694207802533e+00
-3.869888540306086977e+00
-3.811234015359477034e+00
-3.740729524005675266e+00
-3.657689969931336993e+00
-3.561238568321803744e+00
-3.450250686915655507e+00
-3.323270317188514511e+00
-3.178381325197269902e+00
-3.013001114605519781e+00
-2.823531106826937531e+00
-2.604720014576527465e+00
-2.348380657073343869e+00
-2.348380052243488336e+00
-2.293537186058405286e+00
-2.236667873261099171e+00
-2.177613772139451065e+00
-2.116191507539950667e+00
-2.052188062649491940e+00
-1.985354245451383726e+00
-1.915393845918345272e+00
-1.841950588723371141e+00
-1.764589457893203539e+00
-1.682770552036682687e+00
-1.595808315970950408e+00
-1.502810390960224174e+00
-1.402576474996084510e+00
-1.293425151336136780e+00
-1.172869340795766657e+00
-1.036938671071127915e+00
-8.785255369036781836e-01
-6.821421178294214682e-01
-3.946841380012101608e-01
-1.145380171649786234e-02
-1.235212542923404787e-02
-7.398128854706649549e-03
-4.912100853317984822e-03
1.027745027402951266e-03
9.112195893867800975e-03
1.444685991613855070e-03
-1.123713803840971034e-04
-5.278880163450130718e-03
-4.300129949129427302e-06
3.709792868130598175e-03
-2.590610572920903996e-03
-1.012288024762209287e-03
2.274279921744075308e-03
-8.298599753734332146e-03
1.023854147318115863e-03
-2.749966702516955155e-03
3.788839087183042478e-03
-6.473203459435522902e-03
-4.515705587382933157e-03
-6.777136376951190758e-04
8.143385013734672200e-04
-6.214432660039112544e-03
-2.640004709311530567e-03
-4.332886214169414177e-03
7.005735120157580685e-05
-3.999998736982507186e+00
-3.995447697503003326e+00
-3.981764924801669991e+00
-3.958855651414746379e+00
-3.926558410156681056e+00
-3.884639002811994590e+00
-3.832781723596140555e+00
-3.770576474246575494e+00
-3.697501199210423639e+00
-3.612896125699258221e+00
-3.515928989123132453e+00
-3.405544269881293218e+00
-3.280387570197178970e+00
-3.138692701269784724e+00
-2.978099667775321535e+00
-2.795353549437074037e+00
-2.585761582044026508e+00
-2.342127164909022508e+00
-2.342125982624799985e+00
-2.287387941212561504e+00
-2.230631277162963499e+00
-2.171697893003256663e+00
-2.110405400926804731e+00
-2.046541237951371883e+00
-1.979857130917435315e+00
-1.910057682043890148e+00
-1.836787559315172347e+00
-1.759613674202839650e+00
-1.677997982520652354e+00
-1.591256318728730079e+00
-1.498498595267311329e+00
-1.398527934385402016e+00
-1.289668726166503188e+00
-1.169441599715688840e+00
-1.033887733058510783e+00
-8.759198834353646435e-01
-6.800957926009554289e-01
-3.934552756877101598e-01
-1.323648202535432361e-02
-5.941316766251108876e-03
1.349458716559219680e-02
-5.926562828293272314e-03
-1.000115204966996185e-02
-5.027151520001052303e-03
6.534165888950450342e-03
-5.950399061529767705e-03
-1.831568324567315730e-03
-5.612372282270357201e-05
9.591299753384703326e-04
-2.577804762376314368e-03
-1.177809518086532807e-03
-2.906739063391202641e-03
-5.519644853762031270e-05
-3.270422217581867280e-03
-5.935061525241135463e-03
4.712250749883649392e-03
5.904639415175780628e-03
-2.942846102620374701e-03
-7.976880758641488600e-03
5.434140144081438251e-03
3.697019736319601601e-04
-3.039296547584228753e-03
1.035118265500882800e-03
-3.999998617931702860e+00
-3.995434417964861318e+00
-3.981711766698131427e+00
-3.958735319188728230e+00
-3.926343074249517784e+00
-3.884299184992324960e+00
-3.832285765425958335e+00
-3.769890049177054614e+00
-3.696586523851141948e+00
-3.611711331494430688e+00
-3.514425975749713160e+00
-3.403666248624843238e+00
-3.278067148093365635e+00
-3.135846060488067355e+00
-2.974619734436537488e+00
-2.791096773385755458e+00
-2.580524428850574647e+00
-2.335597221671204871e+00
-2.335596211815656797e+00
-2.280969243496979271e+00
-2.224331955704663244e+00
-2.165526139548731965e+00
-2.104370946088264915e+00
-2.040654260213368598e+00
-1.974128487271312071e+00
-1.904498981374781907e+00
-1.831411614178011238e+00
-1.754434142276306119e+00
-1.673030114791963507e+00
-1.586518567810558666e+00
-1.494012070264038927e+00
-1.394318544245978009e+00
-1.285766595778885746e+00
-1.165884089856136008e+00
-1.030726280198698275e+00
-8.732283140095130625e-01
-6.779960527449293561e-01
-3.922369683916637761e-01
-1.440172749225845407e-02
2.648333461276347958e-03
3.008421687818809559e-03
3.085553421610383318e-03
-7.676510083740921636e-04
8.379211884765914303e-03
-5.219716851326326387e-03
-6.772875384768979948e-04
2.854661088203672321e-03
1.482220795277434640e-03
6.465469352300721312e-03
8.360638979431499109e-04
2.475176132019406088e-04
-6.242825083591796269e-03
1.306370953019690348e-03
2.801653374512656433e-03
-7.836593066649150813e-03
6.277205960959699078e-03
1.573904992698230360e-03
4.989399224058813434e-03
6.990498976054852764e-03
-5.183265073006196842e-03
2.621231355501348753e-03
-1.945163499560827408e-04
-2.569089620996708578e-03
-3.999998500377726973e+00
-3.995420551922757468e+00
-3.981656510015991302e+00
-3.958610451563444155e+00
-3.926118931345282004e+00
-3.883945039736403704e+00
-3.831769036201484457e+00
-3.769175441819670791e+00
-3.695634940078614594e+00
-3.610478688614520149e+00
-3.512862254063601863e+00
-3.401713013241635775e+00
-3.275654029937843603e+00
-3.132885538772275602e+00
-2.970999650358899125e+00
-2.786666773662489938e+00
-2.575070858207753499e+00
-2.328792658729294196e+00
-2.328792655182417626e+00
-2.274282119206487707e+00
-2.217769081682353427e+00
-2.159096930555542304e+00
-2.098084536977754766e+00
-2.034521565737432702e+00
-1.968160046124520113e+00
-1.898706913740616731e+00
-1.825809653919975961e+00
-1.749037488217838554e+00
-1.667855348292473394e+00
-1.581584436897508716e+00
-1.489340741013867486e+00
-1.389935215499059629e+00
-1.281703207009659007e+00
-1.162181373625066128e+00
-1.027437109704910201e+00
-8.704285179956906537e-01
-6.758132346277216929e-01
-3.909721394683943752e-01
-1.484001263098370417e-02
1.246743574116794019e-02
5.404682301808293697e-04
-3.291999206105882675e-03
-1.440943994330008606e-03
-1.901151149829933412e-03
-4.833185747035253360e-03
-9.619158504192879336e-03
3.189289337996670248e-03
-6.699730557514635247e-03
8.681378211494767891e-03
5.468902752448893435e-03
-8.522612486991079563e-04
5.782504044059215420e-03
-5.052335106102901451e-03
-7.014728949309423194e-03
-5.599742003151669464e-03
-7.222167997233512604e-04
-1.749284744927592618e-05
-4.612418715293640364e-03
6.155291037230847112e-03
-3.024159267013020423e-03
-1.474259117015945010e-03
1.643788547024193714e-04
1.498575827177377846e-03
-3.999998409715765479e+00
-3.995406119439159909e+00
-3.981599225587002078e+00
-3.958481120400049402e+00
-3.925887302329481354e+00
-3.883579208978061637e+00
-3.831235117399176549e+00
-3.768436723219395823e+00
-3.694650979774166011e+00
-3.609204084281874891e+00
-3.511244675257847003e+00
-3.399691448132592608e+00
-3.273154966002446820e+00
-3.129818405311725726e+00
-2.967248667030979448e+00
-2.782075300172535570e+00
-2.569415952650735857e+00
-2.321730113145616503e+00
-2.321728056417790231e+00
-2.267338088101443994e+00
-2.210954603838030330e+00
-2.152421175759569483e+00
-2.091557346748976531e+00
-2.028153437586829977e+00
-1.961962772616382855e+00
-1.892692847825711899e+00
-1.819992261225227503e+00
-1.743432061239548858e+00
-1.662479675005384294e+00
-1.576458097366224775e+00
-1.484486449742322023e+00
-1.385379519816241745e+00
-1.277479053254333419e+00
-1.158330037838745108e+00
-1.024012547168042575e+00
-8.675090128318343474e-01
-6.735275417897556016e-01
-3.896214853036799597e-01
-1.465052891203488632e-02
5.675141920309227130e-03
1.024122583853392596e-02
5.668700192874954547e-04
-1.883748131239024615e-03
-4.353626479060040044e-05
-4.024855037611089516e-03
-7.242792768529405113e-04
1.521362661287992742e-03
4.408192418139822259e-03
2.912337388035908165e-05
7.343551011927828436e-05
2.951533007472651512e-03
2.489484103206479094e-03
-9.333121875960664459e-04
5.926091456056867268e-03
1.859758033687008082e-04
5.883241542160118007e-03
-1.075517773843444012e-05
-8.936261436526465125e-05
1.070048878017473680e-04
6.167279767763954312e-03
5.337377465253145825e-03
6.224504367984657564e-04
1.335968305250194302e-04
-3.999998401385113755e+00
-3.995391558021913703e+00
-3.981540887525433003e+00
-3.958348670579540318e+00
-3.925649377367899540e+00
-3.883202991511506941e+00
-3.830685509763639196e+00
-3.767675750735363760e+00
-3.693636857959099906e+00
-3.607889781659906259e+00
-3.509576452141058844e+00
-3.397606383794857354e+00
-3.270577057821101530e+00
-3.126653749806905136e+00
-2.963375831304408070e+00
-2.777332016682883875e+00
-2.563570625149155902e+00
-2.314424328827638710e+00
-2.314423358107772000e+00
-2.260159117460116107e+00
-2.203910096044130462e+00
-2.145520922138883346e+00
-2.084812024051649448e+00
-2.021573266105420874e+00
-1.955559461817085287e+00
-1.886480636106961484e+00
-1.813985605458460881e+00
-1.737646236217654572e+00
-1.656931442026715828e+00
-1.571168011044691726e+00
-1.479477729726483615e+00
-1.380680759726702123e+00
-1.273123645034904605e+00
-1.154359794043957610e+00
-1.020484209684230148e+00
-8.645047077853289519e-01
-6.711839000218114970e-01
-3.882604634586092063e-01
-1.409743686462319907e-02
2.491122508350960413e-03
1.111738825964899043e-03
9.675426493892018366e-05
8.967754585780838639e-04
-1.122818244553478416e-04
6.739478763954798862e-03
8.134654331125869622e-03
-1.363662390230615585e-04
-4.692244697563211116e-03
-5.327959351278906738e-04
-1.156412111761814972e-03
-1.051139626070103590e-04
6.844033584597110538e-03
7.036631314791676889e-03
-3.754320107385987482e-03
-2.664462057282602093e-03
-2.039523402079765785e-05
-1.087880733650426705e-03
-5.295695614609831348e-03
5.064234210195085219e-04
-1.891637193763971714e-03
-3.839437506377125792e-03
2.506151473740913987e-06
2.993244179540221605e-03
-3.999998307883350979e+00
-3.995376279800681552e+00
-3.981479937752244513e+00
-3.958211304063171898e+00
-3.925403356040327196e+00
-3.882814609533693950e+00
-3.830118788855755074e+00
-3.766891618770173977e+00
-3.692592247257601379e+00
-3.606536373262266615e+00
-3.507858816665291091e+00
-3.395459487127447051e+00
-3.267922898283702082e+00
-3.123395204437057426e+00
-2.959387431572133131e+00
-2.772445493309298126e+00
-2.557545154863311243e+00
-2.306886138920073215e+00
-2.306885064132109253e+00
-2.252751180313922852e+00
-2.196641914543726148e+00
-2.138401760868630319e+00
-2.077851900611396019e+00
-2.014784059838233610e+00
-1.948953552836585779e+00
-1.880070704104306323e+00
-1.807786363657232220e+00
-1.731674626726388722e+00
-1.651206464220508208e+00
-1.565707745962667152e+00
-1.474306006119550982e+00
-1.375828497720304133e+00
-1.268625211078426851e+00
-1.150258688548155606e+00
-1.016837814858558842e+00
-8.613959694277962820e-01
-6.687505812433728325e-01
-3.868225067733473965e-01
-1.311035087701128803e-02
1.464230702486501870e-03
1.889865137368344251e-03
-7.525998630590564680e-04
6.567232673759024371e-03
-2.450163819614104444e-03
-3.205566768126571001e-03
5.967719472206724045e-03
5.382858944557415704e-03
-1.585851588925689349e-03
6.286144671922322055e-03
6.334914621857529529e-03
3.493438136956913877e-03
-6.504059469913414139e-04
1.471467655867087377e-04
2.160949347318734273e-04
5.328397108816451851e-03
-2.306998111003230687e-03
5.665048057631012594e-03
3.374024980205295610e-03
3.899134131704371864e-04
5.084424423437106056e-04
-5.232539901599553289e-03
4.886155437308394890e-03
4.727616488836967890e-03
-3.999998276764323180e+00
-3.995861806226439494e+00
-3.983428881773994235e+00
-3.962620913858580174e+00
-3.933304876893971347e+00
-3.895288872519497847e+00
-3.848314960688103081e+00
-3.792050324147252294e+00
-3.726073936115270602e+00
-3.649859328873090281e+00
-3.562749455727758363e+00
-3.463922539182430871e+00
-3.352342782859667025e+00
-3.226687520971367462e+00
-3.085236650604048947e+00
-2.925699886386054160e+00
-2.744926330564365635e+00
-2.538382539586612641e+00
-2.299133458770954430e+00
-2.299132289599159940e+00
-2.245132458382291141e+00
-2.189167004837530683e+00
-2.131080839374641656e+00
-2.070695520468854411e+00
-2.007803974408129744e+00
-1.942162426386039753e+00
-1.873481839519726799e+00
-1.801415122301923466e+00
-1.725537481692513309e+00
-1.645322051637232663e+00
-1.560100137029261536e+00
-1.469000223812540362e+00
-1.370851224707167137e+00
-1.264013289442661225e+00
-1.146056286267073121e+00
-1.013104624487709327e+00
-8.582185715157735206e-01
-6.662720404383288830e-01
-3.853826629695004669e-01
-1.178339145701792767e-02
1.408748196607076788e-03
4.020765853992694198e-03
1.445947692102809903e-03
6.843674560340606275e-04
4.564542054039730581e-03
-4.575972047875659365e-04
2.256837284958860580e-03
-4.136094195806084770e-03
-1.626521224027143754e-04
2.736575014139667507e-03
3.081844404758137413e-03
-2.977389101469285005e-04
-4.745524675940710618e-03
4.566299354916007400e-03
6.792054517799209386e-03
4.388663329922181701e-03
-2.897381143139478657e-03
-1.195119606473214443e-03
1.013789159071953275e-03
-1.270258245308888241e-03
-4.827425264226092166e-03
4.008173350243942647e-03
-4.279529494534372561e-04
-3.999998177483986339e+00
-3.995847624013490140e+00
-3.983371862626102100e+00
-3.962492299865933987e+00
-3.933075073980764280e+00
-3.894926678645705298e+00
-3.847787224640515369e+00
-3.791321322239662006e+00
-3.725105030824405361e+00
-3.648607633887257506e+00
-3.561166570975741852e+00
-3.461952636482918955e+00
-3.349920078904955023e+00
-3.223732668296654502e+00
-3.081651808840947471e+00
-2.921360379520392403e+00
-2.739662879795530692e+00
-2.531954984585637281e+00
-2.291174435724593117e+00
-2.291173235353209936e+00
-2.237311926218749303e+00
-2.181494722680114240e+00
-2.123567386434807247e+00
-2.063351938662898455e+00
-2.000641907306510259e+00
-1.935194646171267241e+00
-1.866722780449549868e+00
-1.794879499904311837e+00
-1.719242751083759568e+00
-1.639287836475013416e+00
-1.554347942855884179e+00
-1.463555354569676670e+00
-1.365743342774149216e+00
-1.259277640959860500e+00
-1.141740502604205787e+00
-1.009269915284013663e+00
-8.549517921553452249e-01
-6.637198208768007035e-01
-3.838858607899020003e-01
-9.959270571192536947e-03
2.490708382069395550e-03
1.125893141775089097e-02
8.568064339043767255e-03
3.067801469297525962e-03
2.927107175550191002e-04
-8.410674159516717471e-03
-2.004703533017214174e-03
5.018567354740523234e-03
-2.337010882158593178e-03
1.988585805471080204e-03
-1.096373585301535036e-04
-5.247189682521375548e-03
-1.903264087523553005e-05
-2.727472281108057721e-03
3.305432588317997258e-03
-5.487174729997184273e-03
-2.862851441054773891e-03
-1.552060152518222841e-04
-1.727208029528779420e-03
-3.535853602760816779e-03
-4.481740084090852019e-03
-9.836666622820772806e-04
-1.058693844522352369e-04
-3.999998124990058024e+00
-3.995833117154074632e+00
-3.983314151596522468e+00
-3.962361760558613444e+00
-3.932841224282928927e+00
-3.894557587534047904e+00
-3.847249108016678854e+00
-3.790578160230848148e+00
-3.724117141473218151e+00
-3.647331134321381896e+00
-3.559551636427729093e+00
-3.459942455031492337e+00
-3.347447686170531345e+00
-3.220717233545929314e+00
-3.077993082529251634e+00
-2.916929179427012464e+00
-2.734285599709708414e+00
-2.525384294484699144e+00
-2.283029615625476350e+00
-2.283027955308510215e+00
-2.229309704185846286e+00
-2.173645093588227439e+00
-2.115880640611629282e+00
-2.055838937825599455e+00
-1.993315118733169244e+00
-1.928067347831504907e+00
-1.859808146096326942e+00
-1.788194026029050976e+00
-1.712803762222295800e+00
-1.633114488127756170e+00
-1.548462874820918378e+00
-1.457984403460104383e+00
-1.360517582381918222e+00
-1.254433264248828950e+00
-1.137323445931649690e+00
-1.005343414471397523e+00
-8.516057052188594767e-01
-6.611038566931801697e-01
-3.823477139605674924e-01
-7.545761212891855842e-03
4.131409772335913923e-03
-4.190532403198957796e-04
-8.495269418321835242e-03
-1.908674238277984544e-03
2.414852028833195264e-03
-6.613969553907244649e-03
-1.184961354429148574e-04
6.029218582218711861e-03
-2.609548343966039408e-03
6.980937231395907203e-03
5.241135827229697133e-03
-2.744195437909200275e-03
9.327309441032447966e-04
-9.818312695209080454e-04
1.482724134828751830e-03
-6.151348139945728676e-03
4.432978186409639206e-03
2.597110720488636764e-03
1.009381372571838348e-03
-1.093258949354250107e-03
4.414289331979659968e-03
-1.074632355331252764e-03
1.902323153344674450e-03
-3.999998017545098428e+00
-3.995818237680306417e+00
-3.983255030861144963e+00
-3.962228363681065790e+00
-3.932602633301937711e+00
-3.894181350780630435e+00
-3.846701063052138547e+00
-3.789821167055546614e+00
-3.723110938354653676e+00
-3.646030905312171111e+00
-3.557906984642792647e+00
-3.457894886127970135e+00
-3.344928577987147378e+00
-3.217644038781557025e+00
-3.074263063660136908e+00
-2.912409597192165744e+00
-2.728798574635780128e+00
-2.518675666546562386e+00
-2.274706062920977878e+00
-2.274703863393459979e+00
-2.221131123415754249e+00
-2.165622210889570631e+00
-2.108022055978123976e+00
-2.048152307059727395e+00
-1.985815666601095986e+00
-1.920770953645962731e+00
-1.852730012401356374e+00
-1.781349665697755436e+00
-1.706211573789650382e+00
-1.626794414019222312e+00
-1.542436827925230292e+00
-1.452278405203664358e+00
-1.355162130558897005e+00
-1.249466355476873680e+00
-1.132792926902785879e+00
-1.001311010750858266e+00
-8.481622886784331294e-01
-6.583938894163509081e-01
-3.807022851267286567e-01
-4.162327799903813713e-03
-1.879893927050218811e-04
9.066194792672756936e-03
7.434675405211127637e-03
1.799594809554020021e-03
4.000921172288384245e-03
7.355365953603864920e-04
-1.350962525720294160e-03
4.139828192139363358e-03
1.307668819373999751e-03
1.039188694594649510e-03
-2.514692286615709260e-03
7.250608854873704127e-04
-3.055365178007153279e-03
-1.251504054392076851e-03
-3.060000138647382423e-03
2.282933731353531132e-03
-1.918330157037517096e-03
2.230039616429308868e-05
-1.379075877986348777e-03
-2.318140835048113340e-03
4.769988730596951172e-03
2.704693697404003238e-03
2.586425485767891892e-03
-3.999997957050569042e+00
-3.995803312752049585e+00
-3.983195207116862591e+00
-3.962093295587452157e+00
-3.932360934146404752e+00
-3.893800011508547154e+00
-3.846144806583858600e+00
-3.789052373751688574e+00
-3.722088667915704807e+00
-3.644709509945234238e+00
-3.556235080348565170e+00
-3.455813349296184445e+00
-3.342367674480455797e+00
-3.214519604069217884e+00
-3.070470263880878292e+00
-2.907812995990697313e+00
-2.723215431795559027e+00
-2.511844697891836731e+00
-2.266221820673494314e+00
-2.266219832120804245e+00
-2.212797083278908339e+00
-2.157448664222928247e+00
-2.100020733840354481e+00
-2.040339296768050481e+00
-1.978200891796314753e+00
-1.913365459633837862e+00
-1.845548616725670943e+00
-1.774408382093173975e+00
-1.699527576271025353e+00
-1.620387940660334536e+00
-1.536331305133225911e+00
-1.446501253365859441e+00
-1.349744705218641760e+00
-1.244448170576472945e+00
-1.128222598949009781e+00
-9.972547842832122367e-01
-8.447153623188718985e-01
-6.557133191564584740e-01
-3.791690756934701367e-01
-3.699595073297530501e-05
8.440266446498204816e-03
-1.321984796849101033e-03
1.684611261492989455e-04
1.344499739915021698e-03
-2.035285732560453229e-03
7.738599240812317655e-03
3.454876833575073070e-03
1.093761485464346409e-03
2.279381135385991075e-03
1.697838515690038757e-03
-8.508077097394554401e-04
3.946555343496627004e-03
-3.104492070320657646e-03
-5.690789637577750712e-04
-4.262015228232936097e-03
6.154117321807779824e-03
-2.385093930987238631e-05
2.359480852635098980e-03
-3.273276900662999245e-04
4.597395751203745256e-04
-4.720599333930989650e-04
-1.673849028297926325e-03
-2.931755837878195509e-03
-3.999997902316074772e+00
-3.995788212080030100e+00
-3.983134719410424296e+00
-3.961956360420949341e+00
-3.932115361222438654e+00
-3.893412580026850645e+00
-3.845580125585927433e+00
-3.788272390700679448e+00
-3.721051676974903799e+00
-3.643369204901627967e+00
-3.554539205697642146e+00
-3.453701770994272557e+00
-3.339769457216154702e+00
-3.211348522672846428e+00
-3.066619224640814156e+00
-2.903143983374301129e+00
-2.717541865974044235e+00
-2.504899109551786740e+00
-2.257587105077585310e+00
-2.257585163223902569e+00
-2.204315707430755555e+00
-2.149131828405441258e+00
-2.091880248101976925e+00
-2.032386158751061878e+00
-1.970446884434405410e+00
-1.905824221209405422e+00
-1.838235047949755341e+00
-1.767337746388857767e+00
-1.692716261727033933e+00
-1.613859640929969030e+00
-1.530109606991454374e+00
-1.440613198317717725e+00
-1.344222900712453761e+00
-1.239331060310151722e+00
-1.123559080124904463e+00
-9.931104852100588465e-01
-8.411837302317111131e-01
-6.529527483654995468e-01
-3.775455206958782672e-01
5.253158251279430382e-03
-6.533349775665321831e-03
4.886968733112631580e-03
6.241425367333355671e-04
6.943621268466856249e-04
4.439825352354176760e-03
-1.675717275700861950e-04
6.002380558139808545e-03
9.818794231863848087e-06
-2.483672954563706861e-03
4.293288775441063930e-03
-2.097685112179282097e-03
7.939477832272722434e-04
-8.826238562157016606e-04
4.777578781148365816e-03
-3.807183012965479826e-03
3.173479313935629546e-03
-4.168777567653744569e-03
-4.078721314152261926e-03
1.466383746057145672e-03
2.087111793838765557e-04
-2.898078881444970186e-04
-1.713433382242661885e-03
2.455334324573818982e-04
-3.999997807853353127e+00
-3.996205822586133660e+00
-3.984810837650234916e+00
-3.965747224363443291e+00
-3.938903899771644568e+00
-3.904119959431342490e+00
-3.861180350501388414e+00
-3.809809582950735685e+00
-3.749661086195558823e+00
-3.680304648790515998e+00
-3.601208703013656365e+00
-3.511714686231993898e+00
-3.411004528859025609e+00
-3.298051589202323441e+00
-3.171547030911155751e+00
-3.029793739271929187e+00
-2.870533993945987294e+00
-2.690660695509708766e+00
-2.485703427590388870e+00
-2.248813839717122232e+00
-2.248811064063461540e+00
-2.195696308906116556e+00
-2.140678822893309352e+00
-2.083605082379076823e+00
-2.024300897259521115e+00
-1.962564265285688503e+00
-1.898158273515771821e+00
-1.830800616630454458e+00
-1.760152972424036122e+00
-1.685801425444793500e+00
-1.607232097383217262e+00
-1.523793058908182729e+00
-1.434635297599239578e+00
-1.338617371664630129e+00
-1.234137393344779676e+00
-1.118827181464850939e+00
-9.889049230238959876e-01
-8.376007544607145805e-01
-6.501531943378767719e-01
-3.759026985403240428e-01
7.328498780826350756e-03
-4.587592643808499279e-03
1.999017972696759578e-03
3.537020462787542324e-03
-2.329008724639339018e-03
3.013095045183173532e-03
-4.365131068520079760e-03
9.805827605877681392e-04
-2.096353504792162949e-03
1.518983251896307857e-03
-3.369085275123983019e-03
-9.723404722790583406e-04
-2.751118907178916068e-03
1.500431864196928849e-03
2.627471444676231639e-04
1.269936590154134971e-04
7.905655839201184386e-04
-4.148834383967351519e-03
-4.488905875275961584e-03
-2.306688987767204282e-03
2.879261004511194950e-03
2.830503855819678852e-03
3.973223936398088746e-04
-3.999997610311186946e+00
-3.996191726462065663e+00
-3.984754876187040828e+00
-3.965621091490591166e+00
-3.938678395125642329e+00
-3.903764693816097253e+00
-3.860663516718047195e+00
-3.809096943362487941e+00
-3.748715755833962771e+00
-3.679085614718234698e+00
-3.599670611879661752e+00
-3.509806251195192406e+00
-3.408666120660475141e+00
-3.295212268543426859e+00
-3.168121920205766884e+00
-3.025677784461580089e+00
-2.865590329606481301e+00
-2.684705575166455471e+00
-2.478474748659738047e+00
-2.239907166832267649e+00
-2.239905283528933033e+00
-2.186952759881235053e+00
-2.132105461147713932e+00
-2.075212526829124382e+00
-2.016101776904133835e+00
-1.954571603012919434e+00
-1.890385782790427793e+00
-1.823264183859438337e+00
-1.752869226989140605e+00
-1.678788969168878209e+00
-1.600511790685341440e+00
-1.517388640535117572e+00
-1.428574663666768885e+00
-1.332932944841794143e+00
-1.228869327117998678e+00
-1.114026138734944160e+00
-9.846388945169955997e-01
-8.339655657493724172e-01
-6.473068391077013706e-01
-3.742182410015083560e-01
4.040128142835014251e-03
5.596561809682804207e-03
-7.008804930319314412e-05
9.549648349942230566e-04
-5.325012840792518569e-03
5.798843660663987633e-03
-2.219073107478048822e-03
-1.650240045199193430e-03
5.927603185993841894e-03
2.139890741623398738e-03
-1.941293748341375381e-03
4.985576104338857242e-03
-3.322681013616784855e-03
-7.042664255352413442e-05
-2.935640008419581649e-03
-4.070977579887069715e-03
-3.253424091581876942e-04
-1.919206156124301111e-03
1.264517206735736544e-03
-2.409018927852632583e-03
1.778937878471891767e-03
3.373703266300286975e-03
-3.070297194575518501e-03
-3.999997568740832676e+00
-3.996177625449592430e+00
-3.984698596121988512e+00
-3.965493971106948567e+00
-3.938450925457398277e+00
-3.903406499323587742e+00
-3.860142672489676574e+00
-3.808378894741786702e+00
-3.747760520760627045e+00
-3.677852149816528193e+00
-3.598115073779984296e+00
-3.507876657999468240e+00
-3.406302181424354814e+00
-3.292342482315611552e+00
-3.164660188310087108e+00
-3.021516634256677936e+00
-2.860591419887167142e+00
-2.678682365862998793e+00
-2.471158060293126457e+00
-2.230882667558500287e+00
-2.230880368203253195e+00
-2.178084405554587821e+00
-2.123405648520991562e+00
-2.066696142598967612e+00
-2.007774946198830790e+00
-1.946449698170421128e+00
-1.882484287073148854e+00
-1.815598832457020029e+00
-1.745458682120400118e+00
-1.671652088914379330e+00
-1.593670278788686945e+00
-1.510866196550390006e+00
-1.422397982106520242e+00
-1.327134974684365698e+00
-1.223489154043407412e+00
-1.109113705832052599e+00
-9.802601703078249740e-01
-8.302130593137891923e-01
-6.443371209267565458e-01
-3.723591248785809715e-01
8.731793636940600803e-04
-5.868746025988621183e-04
3.019586661944877702e-03
-4.551786072625297426e-04
-6.134522891331738344e-03
2.214221196929785571e-03
8.473947114952970440e-04
-7.294182663836976457e-03
-5.089134961803378626e-03
-6.714734902194224690e-03
-8.477824941720662729e-04
1.807427784801133490e-03
5.304656560394640889e-03
1.028897877069197189e-03
5.867207188390578462e-03
4.477825157758487211e-03
-1.924406846574226553e-03
2.349124341545489117e-03
4.538258574261482860e-03
-3.089740623487899438e-03
-3.018606024953683609e-04
-3.735714395740352169e-04
3.934826318079075007e-03
-3.999997557485888589e+00
-3.996163466543647402e+00
-3.984642102364485794e+00
-3.965366197304889706e+00
-3.938221977424446241e+00
-3.903045296940675257e+00
-3.859616275492111281e+00
-3.807652836937608587e+00
-3.746799559359716536e+00
-3.676615156186791911e+00
-3.596553460051785667e+00
-3.505938190682588829e+00
-3.403926406543534622e+00
-3.289457360034254041e+00
-3.161178436691106430e+00
-3.017329100010925913e+00
-2.855557405184353303e+00
-2.672611233423549226e+00
-2.463778356862758478e+00
-2.221769659470509417e+00
-2.221766786114274250e+00
-2.169140470625886330e+00
-2.114640175419915558e+00
-2.058116946578194995e+00
-1.999400285874010974e+00
-1.938290569589228740e+00
-1.874554563622827574e+00
-1.807913599427929174e+00
-1.738033721074817795e+00
-1.664506585448684239e+00
-1.586824998325311764e+00
-1.504346059366340027e+00
-1.416232942083039958e+00
-1.321359454905078890e+00
-1.218145788423490306e+00
-1.104252259854332729e+00
-9.759496133059762935e-01
-8.265551702456170879e-01
-6.414988441270087494e-01
-3.707537427914466277e-01
-6.383885716429361533e-04
2.287495993180202643e-03
8.846768294130176458e-03
-2.095718552569915058e-03
-2.055020773414547317e-04
-1.729684752960971130e-03
2.754791679817524246e-03
2.679418972990446710e-03
1.864522907257489155e-03
2.195934660664088187e-03
1.557243174930885137e-03
-1.309319132055393508e-03
-1.769008154008237452e-03
-1.431982147041034560e-03
-4.231994149315955640e-03
-4.369978619050876156e-04
-2.648837674294972529e-03
2.304409371507194684e-03
-8.679168025115600697e-04
2.564109875448707197e-03
-1.843264515112380758e-04
-3.290580366799688693e-03
-3.210059621214334338e-04
-3.999997445900792759e+00
-3.996149542135002619e+00
-3.984585719583704666e+00
-3.965238476824333169e+00
-3.937992966408770723e+00
-3.902683499607594975e+00
-3.859088664656469270e+00
-3.806924127376905886e+00
-3.745831928658183596e+00
-3.675367405276019461e+00
-3.594979057431867631e+00
-3.503984015158050802e+00
-3.401531433254360248e+00
-3.286548894071831484e+00
-3.157668472539828297e+00
-3.013107856881373170e+00
-2.850481998207991197e+00
-2.666488071139139215e+00
-2.456329048018360162e+00
-2.212561254218537776e+00
-2.212559180741199061e+00
-2.160100989639770930e+00
-2.105780307121059014e+00
-2.049448246483148051e+00
-1.990933685204535841e+00
-1.930038218469096289e+00
-1.866530706763830594e+00
-1.800133358760126034e+00
-1.730514077653830141e+00
-1.657268212520316197e+00
-1.579890266883989591e+00
-1.497740185865155116e+00
-1.409983501731471911e+00
-1.315498479461923109e+00
-1.212712985375411723e+00
-1.099301089036299972e+00
-9.715494673005852233e-01
-8.228040097250309826e-01
-6.385631447417019491e-01
-3.690160050955657578e-01
-1.183319171797219847e-03
4.200852049876275130e-04
3.800461471889530259e-03
-3.452108712864937826e-04
4.438109043153065300e-03
1.803033506312061831e-04
-2.785670340044781468e-03
-1.174192491010828143e-04
-6.552121562403953646e-05
-2.271575701103216636e-05
2.762352693264695253e-03
2.895415368948701159e-03
4.788346867571910219e-04
1.676741989291045390e-03
-5.120739771426314991e-04
-2.822627845780152807e-03
-1.270240144025365156e-03
-3.640791630606236059e-03
1.730220297922021233e-03
2.168429553420206293e-03
-1.957404772697437113e-04
-9.174341432035362266e-04
-4.262335426877345013e-03
-3.999997395065517658e+00
-3.996511702792451270e+00
-3.986039249733040801e+00
-3.968524004313278564e+00
-3.943872206537120118e+00
-3.911948975437816944e+00
-3.872574371918832359e+00
-3.825518689110101178e+00
-3.770493919257874804e+00
-3.707145819052943381e+00
-3.635039168470498350e+00
-3.553641023843997271e+00
-3.462295927218123737e+00
-3.360193109883275575e+00
-3.246317259768887187e+00
-3.119378985727420339e+00
-2.977708444060645387e+00
-2.819084926962061921e+00
-2.640455992449797673e+00
-2.437427368972697739e+00
-2.203264656028395496e+00
-2.203263300050878115e+00
-2.150975805981129252e+00
-2.096834836145287539e+00
-2.040695590769407097e+00
-1.982386847280796838e+00
-1.921710349971634813e+00
-1.858435231851581548e+00
-1.792286420342615649e+00
-1.722932539202275404e+00
-1.649969962892877895e+00
-1.572898421889034948e+00
-1.491078854951629618e+00
-1.403678941556026682e+00
-1.309584371032818773e+00
-1.207235052381856910e+00
-1.094310982408746469e+00
-9.671137875681108387e-01
-8.190281319758851986e-01
-6.356081272312279484e-01
-3.672625622289308334e-01
-8.069079520273078360e-04
1.249990097856908643e-03
6.647493044364353315e-03
-3.726713909366013468e-03
2.196629683737345514e-04
4.101311731705834575e-05
-2.018723744118695038e-04
-1.641420036330014669e-04
4.408338215778523882e-03
3.701454064671727898e-03
-2.926185221989643231e-03
-6.797469027679106180e-04
-3.695325976645407948e-03
2.974947039959438457e-03
1.073751380292498623e-03
-3.146630757636810472e-04
1.255492021749966391e-03
-2.976740957577905279e-03
-3.013735023315671033e-03
1.670551482085799603e-03
1.072495894087145598e-03
6.589470854003824088e-04
-3.999997403942179730e+00
-3.996498889938559174e+00
-3.985987155470046783e+00
-3.968406491371120559e+00
-3.943662779559742759e+00
-3.911619158230414950e+00
-3.872094700046593729e+00
-3.824857894876472653e+00
-3.769619291387462212e+00
-3.706020478995377232e+00
-3.633619817684146991e+00
-3.551883097445895476e+00
-3.460149357775677448e+00
-3.357597878587103235e+00
-3.243202962153900692e+00
-3.115659607858813462e+00
-2.973275960884511626e+00
-2.813799713854833850e+00
-2.634129152594522960e+00
-2.429788437157465619e+00
-2.193895732979679547e+00
-2.193892795070540913e+00
-2.141775484226198234e+00
-2.087816778842173981e+00
-2.031868799567703388e+00
-1.973762725132357732e+00
-1.913301664285253390e+00
-1.850257220308114903e+00
-1.784355814713426192e+00
-1.715267234942117636e+00
-1.642590199317622623e+00
-1.565823935267277589e+00
-1.484333115731607977e+00
-1.397291826711834828e+00
-1.303588750691994314e+00
-1.201668250063878229e+00
-1.089224155208248668e+00
-9.625755279384973218e-01
-8.151295572502089692e-01
-6.325028673121362299e-01
-3.652729130617635711e-01
7.199487060562305028e-04
1.743553954953228589e-03
-7.083998432876484428e-04
-4.102684958717781050e-03
3.444381558349602062e-03
7.847834625507218434e-04
4.355489962473259660e-03
-2.919049497655702837e-04
-3.028883119531556103e-03
-2.675971289750460683e-03
-3.204667269394528405e-03
-1.912587704704670367e-03
3.222872604859081547e-03
3.734485137154977975e-03
-9.807441582362259620e-04
2.625849726789613713e-03
-5.814762013809889659e-04
2.229355845982426178e-03
-4.841995615746171478e-04
3.228324752248744930e-03
-2.545538334197606622e-03
3.423933266115935375e-03
-3.999997291238735375e+00
-3.996485949808493920e+00
-3.985935330140387034e+00
-3.968289472071415247e+00
-3.943453522409499978e+00
-3.911289698697205441e+00
-3.871615390567419102e+00
-3.824197582111164451e+00
-3.768743777976492293e+00
-3.704893184114606441e+00
-3.632202706930553582e+00
-3.550129641976363715e+00
-3.458006029473926990e+00
-3.355004511570800929e+00
-3.240088054893018210e+00
-3.111936528624153819e+00
-2.968836311554980956e+00
-2.808503110667376124e+00
-2.627784486282818577e+00
-2.422121583719224702e+00
-2.184480658585236323e+00
-2.184475501447017631e+00
-2.132530695931379228e+00
-2.078755537366824058e+00
-2.023004121515646236e+00
-1.965107841208654227e+00
-1.904871717844961010e+00
-1.842065160462209361e+00
-1.776416058623195182e+00
-1.707597580951051075e+00
-1.635208208500725569e+00
-1.558750543322178439e+00
-1.477593836927765025e+00
-1.390912958018478474e+00
-1.297610822223337790e+00
-1.196132615638094698e+00
-1.084180637006132430e+00
-9.580942172027864245e-01
-8.113103183263027374e-01
-6.295117381794754774e-01
-3.635005318470103663e-01
3.494420837504400718e-03
-6.392937132558298985e-03
5.225589487878466895e-03
6.531254644083158561e-03
3.250480596729602399e-03
2.073926068035378788e-03
2.592443358087990622e-04
-1.238348214654624163e-03
1.644119317904725423e-03
4.339371084770460470e-03
2.612107206896165362e-03
3.663738309542231408e-03
3.145156035844861881e-03
-1.735238182768717970e-03
-1.893426802310852657e-03
1.521855789363748537e-03
1.008093130075533107e-04
1.179735883389556933e-03
2.563850541611936091e-05
7.743372237614931089e-04
1.017509464321091116e-03
-8.350933144799935551e-04
-3.999997171186957523e+00
-3.996472965036955483e+00
-3.985883660240467030e+00
-3.968172835346518657e+00
-3.943244847996368652e+00
-3.910961068905188576e+00
-3.871137324256192169e+00
-3.823538406092743980e+00
-3.767869298170777537e+00
-3.703765756810150300e+00
-3.630781623876497832e+00
-3.548369474289973624e+00
-3.455857524767395272e+00
-3.352405540268739603e+00
-3.236965406844068305e+00
-3.108203355446226279e+00
-2.964382958274873747e+00
-2.803187412177633675e+00
-2.621413300505607946e+00
-2.414417394272041051e+00
-2.175010770994987297e+00
-2.175006883039974248e+00
-2.123237821139284609e+00
-2.069647842830443896e+00
-2.014093088619178129e+00
-1.956406919568320912e+00
-1.896393954841471441e+00
-1.833825335433145742e+00
-1.768429548695393594e+00
-1.699880112797909959e+00
-1.627778132388657761e+00
-1.551630793270355468e+00
-1.470809728085705315e+00
-1.384496472870465844e+00
-1.291589089847347882e+00
-1.190546961227105571e+00
-1.079089562588516182e+00
-9.535654368815492665e-01
-8.074429710194602761e-01
-6.264716548472584190e-01
-3.616598708406977281e-01
7.960069099058497688e-03
-8.561837593479993473e-06
-5.099478339455983458e-03
1.665782334788047962e-03
1.211241632701327121e-04
2.188547514636745434e-03
-4.824313658474786194e-03
-1.720104909322200731e-03
-5.914049515764737775e-04
-8.913790921669914645e-04
3.305380131651988046e-03
-1.037328602845818959e-03
6.637570050704081313e-04
-1.162859713530189605e-03
-1.385749386501902236e-03
5.431608105583539403e-04
1.753355610851691556e-03
-5.622307133776726241e-04
-2.101275114477381672e-04
3.906902462690250988e-04
7.847013945895298407e-04
3.448898710024150306e-03
-3.999997098144302488e+00
-3.996788627323283993e+00
-3.987150864620840007e+00
-3.971036246508563572e+00
-3.948365425892905289e+00
-3.919024670338439265e+00
-3.882862868458607508e+00
-3.839687503950713232e+00
-3.789258448590257622e+00
-3.731281386701439828e+00
-3.665398826162687307e+00
-3.591175535174999212e+00
-3.508082226322242203e+00
-3.415470703466552571e+00
-3.312541448314034742e+00
-3.198303836596491756e+00
-3.071494526039080686e+00
-2.930479524697300775e+00
-2.773094061252422193e+00
-2.596362114107641172e+00
-2.396007482834838331e+00
-2.165482851114979290e+00
-2.165478796366204328e+00
-2.113881199851320059e+00
-2.060475432123279660e+00
-2.005120370153970821e+00
-1.947645158316442693e+00
-1.887856305693859760e+00
-1.825526801138239508e+00
-1.760387473256920909e+00
-1.692112152482628140e+00
-1.620303371948171201e+00
-1.544469894693160317e+00
-1.463986951206793563e+00
-1.378039738034193995e+00
-1.285533349583385165e+00
-1.184933158629365435e+00
-1.073966511234323074e+00
-9.490036593353287087e-01
-8.035434369415438427e-01
-6.233961698065252355e-01
-3.597629278773671890e-01
9.767424616800723589e-03
1.813241260844984009e-03
2.227369644561125270e-03
-1.221989926285548846e-03
-3.054677176446801180e-03
1.225520379220110733e-03
2.220820032160104093e-03
-2.943082492439091317e-03
4.372951705118825879e-04
2.925110888436511722e-03
1.700476724291157026e-03
-2.715978724499022376e-03
1.430346797294394280e-04
-4.019893181059032211e-04
-3.833838560836407266e-03
3.564826802914090680e-04
1.807250760717650322e-04
-2.955467227206836495e-03
-2.346462149738346836e-03
3.254175453245170338e-03
-3.221706574019680275e-03
-3.999997041435486622e+00
-3.996777052018114951e+00
-3.987103527307954032e+00
-3.970929606645376087e+00
-3.948174692144446496e+00
-3.918724689197380151e+00
-3.882427584708942447e+00
-3.839088829502648181e+00
-3.788466293699045639e+00
-3.730263702532818026e+00
-3.664120905459210320e+00
-3.589597750351825489e+00
-3.506159991298146039e+00
-3.413154106571737678e+00
-3.309773384157285392e+00
-3.195011446734946858e+00
-3.067592113409322252e+00
-2.925859128676083554e+00
-2.767617003980345380e+00
-2.589843308168014335e+00
-2.388178065074680667e+00
-2.155927190547512584e+00
-2.155923023537928529e+00
-2.104509453003701402e+00
-2.051298076616661081e+00
-1.996144775187044695e+00
-1.938883809590548513e+00
-1.879322425615511438e+00
-1.817234839999843032e+00
-1.752352205028245180e+00
-1.684351742532846474e+00
-1.612839147508047910e+00
-1.537324757541405074e+00
-1.457182850008299502e+00
-1.371607152183099254e+00
-1.279506502397883105e+00
-1.179354889985273713e+00
-1.068890664538248991e+00
-9.445011402752785390e-01
-7.997171724060304632e-01
-6.204077113203432248e-01
-3.580239599885504664e-01
5.450078284179864230e-03
-1.307348146229140402e-03
-3.217625052372380737e-03
3.939660245977348076e-03
6.088097192284713972e-03
-4.593620926952444138e-03
2.557250686024204519e-04
-3.928949366601410843e-03
-2.396037944880241924e-03
9.811657419089136328e-04
-9.363523722363524147e-04
3.246344535393073591e-03
4.440233493017642363e-03
3.673766619512641024e-03
-4.365747367306759886e-04
1.065066449694652972e-03
3.262234060069284323e-03
-4.119604799119713345e-04
-6.647034426035574239e-04
2.308130414075642081e-03
2.764380373894613930e-03
-3.999997009438274631e+00
-3.996765392540242434e+00
-3.987056438721472862e+00
-3.970822986950364619e+00
-3.947985960189308585e+00
-3.918429497542221362e+00
-3.881997601437602086e+00
-3.838495376882294696e+00
-3.787680215190542210e+00
-3.729253487425789881e+00
-3.662849782236056395e+00
-3.588026497503269852e+00
-3.504244364245678423e+00
-3.410843936169478674e+00
-3.307010608808313545e+00
-3.191726224561270087e+00
-3.063697124707045472e+00
-2.921250136224703198e+00
-2.762154814071957620e+00
-2.583336326040294839e+00
-2.380354847700527188e+00
-2.146366306001505464e+00
-2.146362152836370552e+00
-2.095129665268922192e+00
-2.042110088365103326e+00
-1.987160373625586285e+00
-1.930115249382985398e+00
-1.870782752224209311e+00
-1.808938706812498243e+00
-1.744315527108167618e+00
-1.676592096589188730e+00
-1.605376387276048922e+00
-1.530181473309264906e+00
-1.450385870447083336e+00
-1.365186489166530848e+00
-1.273498735469565935e+00
-1.173803277838929349e+00
-1.063843351977124652e+00
-9.400232658003776498e-01
-7.959212244811773029e-01
-6.174893005302447557e-01
-3.564192018240592841e-01
1.740778459330488259e-03
-2.392999771165686684e-03
1.350838643935119241e-03
3.789896053214758184e-03
-4.942022257824995636e-03
-3.499571973309279892e-03
8.311328395362373471e-04
-9.244908671686413986e-04
-6.288567770900336086e-04
1.156730074064917305e-03
3.460847246575264081e-03
-3.986788957598281710e-03
-3.006987531227959219e-03
-9.206500515841206178e-04
-4.976230459115527197e-06
-2.886149682085459040e-03
-4.951469910595841361e-04
-1.742945045673237846e-03
8.870591248146819110e-05
1.871891111625983940e-03
1.617041781826429657e-04
-3.999996870119717052e+00
-3.996753465697655550e+00
-3.987009655603636293e+00
-3.970717339087770803e+00
-3.947796069003894903e+00
-3.918129415953164330e+00
-3.881562405504606961e+00
-3.837898072617234035e+00
-3.786890082075302200e+00
-3.728237767439557704e+00
-3.661573900198779263e+00
-3.586452264466798656e+00
-3.502327414345034029e+00
-3.408532703681286691e+00
-3.304245673126210203e+00
-3.188437304565282737e+00
-3.059799911746725609e+00
-2.916635970886551465e+00
-2.756680161236414239e+00
-2.576811774958351009e+00
-2.372506653287446365e+00
-2.136765321954767760e+00
-2.136761202224464640e+00
-2.085709621394442603e+00
-2.032881416768098859e+00
-1.978134739204850945e+00
-1.921305784069863964e+00
-1.862203168006706155e+00
-1.800602947470722581e+00
-1.736239698750350779e+00
-1.668794960073862299e+00
-1.597877443183476132e+00
-1.523001532003291247e+00
-1.443548103995520027e+00
-1.358720736290583320e+00
-1.267438500946829860e+00
-1.168188186188329647e+00
-1.058730426663541779e+00
-9.354929248634098471e-01
-7.920727472846227357e-01
-6.144882198756018710e-01
-3.546845901851476968e-01
-5.089663286559130504e-04
-2.564310304461166982e-03
-3.982920098707794064e-05
1.497172742761475111e-03
6.435684344169639512e-03
4.148061460222087632e-03
-2.697994362237125169e-04
-3.116257610890931472e-03
5.010878120318030572e-03
3.616473939263746464e-03
-4.016912513507556117e-04
7.664685524141259115e-04
-8.425011671986929905e-04
2.247265799669502517e-03
1.101655694158673246e-03
-8.999686386308979611e-04
2.414958126690223180e-04
-2.315110053253728681e-03
-2.414220693457365223e-03
-2.075130824198676872e-04
1.884772186530742077e-03
-3.999996695479550723e+00
-3.997030897168006192e+00
-3.988122481339585690e+00
-3.973231463113061857e+00
-3.952290598348955797e+00
-3.925202787179408848e+00
-3.891839380290474271e+00
-3.852037311783296225e+00
-3.805595018013988806e+00
-3.752265559096466863e+00
-3.691751082057352473e+00
-3.623691248828072808e+00
-3.547651709810382581e+00
-3.463107148225557985e+00
-3.369416020153336078e+00
-3.265792502412253384e+00
-3.151257343795528687e+00
-3.024571829290105374e+00
-2.884134444147916643e+00
-2.727821197374909801e+00
-2.552719240404586198e+00
-2.354638388226836909e+00
-2.127170468196273756e+00
-2.127166246752090206e+00
-2.077070961850370434e+00
-2.025264268855992533e+00
-1.971611502482182088e+00
-1.915957574065718649e+00
-1.858122978030227745e+00
-1.797896776319604317e+00
-1.735030056476504878e+00
-1.669224571318855599e+00
-1.600118248994440329e+00
-1.527262867899503940e+00
-1.450092357886792360e+00
-1.367876294830234540e+00
-1.279641855288901953e+00
-1.184046557724367288e+00
-1.079136770296587278e+00
-9.618691977527678016e-01
-8.270028511429580176e-01
-6.638990699633005033e-01
-4.423514883768498995e-01
5.723078632434114126e-03
-2.190104610600247022e-03
3.416667025796633027e-03
-5.336973250734316186e-03
-2.230658638049429644e-03
5.279060626172160479e-03
-2.550055451407691031e-03
3.492555135732356179e-04
-8.013677128684559836e-04
5.008514308891349933e-05
3.788665405251503450e-03
1.286453011226424857e-03
7.583537697105832698e-04
-4.223024674851135504e-04
1.370729991325592579e-03
2.449495622352759056e-03
1.879154695247133586e-03
7.488524820533750737e-05
-2.861121868912587171e-03
-2.486786251710704741e-03
-1.779084355657460084e-03
-3.999996725967060129e+00
-3.997020319633862506e+00
-3.988080792978358602e+00
-3.973137067580284398e+00
-3.952121094345155683e+00
-3.924935765121265963e+00
-3.891451616921895784e+00
-3.851504810694346137e+00
-3.804891650942528347e+00
-3.751361997160535200e+00
-3.690614368899697517e+00
-3.622287807650207192e+00
-3.545944458203550198e+00
-3.461053642002213770e+00
-3.366968309230133460e+00
-3.262894414481722904e+00
-3.147839276404355235e+00
-3.020549602570244740e+00
-2.879403684850134759e+00
-2.722247117499765778e+00
-2.546114156051394239e+00
-2.346738721679552775e+00
-2.117567361070241461e+00
-2.117562730364558998e+00
-2.068024475483984936e+00
-2.016811331060090584e+00
-1.963792034939174425e+00
-1.908816346970145572e+00
-1.851710905947104857e+00
-1.792271936976860935e+00
-1.730259131505047066e+00
-1.665384147080242183e+00
-1.597298080876840887e+00
-1.525571147979652320e+00
-1.449663137814673597e+00
-1.368878691059814079e+00
-1.282295655228835596e+00
-1.188647325608905403e+00
-1.086112141483384752e+00
-9.718778392400705401e-01
-8.411895383517737912e-01
-6.846972805308567667e-01
-4.776698590243576015e-01
-1.764170925470154305e-03
5.818849327362564210e-03
2.985225956293766601e-03
-1.760850031548022443e-03
2.322666478451483000e-03
-9.673366321971540657e-04
-3.206536408129146212e-03
-8.285187295174666023e-04
3.366374768148166705e-03
-2.229045879114191411e-03
1.613616468306201986e-03
-5.734592662920281548e-04
-7.229747111400559477e-04
-2.093765917297284607e-03
1.608404664324658995e-03
-6.579257513691738699e-04
-5.332239662680709688e-04
-1.704577664548994481e-03
2.082650870557679456e-03
-1.290435076949780898e-03
-3.999996646336531736e+00
-3.997009726350194914e+00
-3.988038055605300336e+00
-3.973040674440326825e+00
-3.951949485305276788e+00
-3.924666200836801178e+00
-3.891060432752572407e+00
-3.850966634307589231e+00
-3.804179987805217600e+00
-3.750450037456020791e+00
-3.689472787503219831e+00
-3.620882043575533338e+00
-3.544236556747288880e+00
-3.459000747507707363e+00
-3.364521840692207277e+00
-3.259996076132814835e+00
-3.144421323664853940e+00
-3.016528492451377552e+00
-2.874674455187490985e+00
-2.716673053768662527e+00
-2.539511996939686433e+00
-2.338840888040644383e+00
-2.107956143507260460e+00
-2.107952014926789186e+00
-2.057630235129311203e+00
-2.005577390784856640e+00
-1.951654465139534667e+00
-1.895701927626641581e+00
-1.837533838124388419e+00
-1.776933473086541149e+00
-1.713643075020703010e+00
-1.647352171949227007e+00
-1.577682500489675732e+00
-1.504164595734621690e+00
-1.426203105252398018e+00
-1.343023956230020577e+00
-1.253588631116793195e+00
-1.156447640665585475e+00
-1.049466355925845917e+00
-9.292490866628211332e-01
-7.897756214705711209e-01
-6.181362616570792445e-01
-3.722375068432926537e-01
1.502484490383010135e-03
-5.954310637293261550e-03
2.680374656190197789e-03
5.748272701076070912e-03
-3.719565311613837362e-03
-3.344926477417973880e-03
9.661424442073460574e-04
4.932600130459445856e-03
3.847933212474295532e-03
-2.993609161153099919e-03
2.081286056181981276e-03
-7.039674187660029982e-04
-8.702549889892373944e-04
-2.680764722868130348e-03
-2.077791471405302220e-03
9.468526409086148966e-05
-1.342108313945400769e-03
1.969595207434085733e-03
-3.999996503459858133e+00
-3.996999106162615334e+00
-3.987996145773759604e+00
-3.972946053965350277e+00
-3.951780227507441179e+00
-3.924399750218968919e+00
-3.890673444117352275e+00
-3.850434807725161335e+00
-3.803476909225041780e+00
-3.749547613390789014e+00
-3.688340922565984670e+00
-3.619487647392928054e+00
-3.542543173050589189e+00
-3.456965026601359625e+00
-3.362093804864210167e+00
-3.257118708192809020e+00
-3.141027407641710401e+00
-3.012534404118619502e+00
-2.869974111232952207e+00
-2.711129319892148448e+00
-2.532937889865987557e+00
-2.330966696461279408e+00
-2.098360885670937037e+00
-2.098357130547676253e+00
-2.048658705702079086e+00
-1.997270103931578777e+00
-1.944055238901853944e+00
-1.888859473695847280e+00
-1.831506222061967115e+00
-1.771790114955900108e+00
-1.709459061633467059e+00
-1.644214919114800333e+00
-1.575696858225268393e+00
-1.503456880406661034e+00
-1.426929564603181655e+00
-1.345384525683395394e+00
-1.257844182721478576e+00
-1.162956936573627642e+00
-1.058749250560335309e+00
-9.421336176613038793e-01
-8.077544156394805830e-01
-6.445971564289233458e-01
-4.203874206584286011e-01
2.290634449870884628e-03
3.584415104567922547e-03
-1.702810387578566160e-04
-1.443928289414434180e-03
-4.141464556867721289e-03
3.700883652894717754e-03
-3.709157884190730867e-03
-7.388749242442059495e-04
3.348379777828917013e-04
-1.410227183907157089e-04
2.595342316342556799e-03
4.327995705510527882e-04
-2.523174262341954573e-03
-4.308683656818386790e-03
-2.568597773743981584e-04
2.983620317346416702e-03
-2.149048509948682864e-03
-3.999996536303616956e+00
-3.997244580923605906e+00
-3.988980303870206967e+00
-3.975168970313942562e+00
-3.955751452844149973e+00
-3.930645759949435103e+00
-3.899742065490057641e+00
-3.862901086358623282e+00
-3.819951258601852917e+00
-3.770683790479475217e+00
-3.714847449042792071e+00
-3.652140696789416552e+00
-3.582202455319265511e+00
-3.504600262971399260e+00
-3.418812321276096355e+00
-3.324204633036659029e+00
-3.219999613399745275e+00
-3.105231152849826870e+00
-2.978679140856459462e+00
-2.838767622561438664e+00
-2.683408592133885939e+00
-2.509734879557599996e+00
-2.313624728407745135e+00
-2.088768322652223119e+00
-2.088763730981215261e+00
-2.039732405914378877e+00
-1.989054608173140615e+00
-1.936599002394838731e+00
-1.882218997121408055e+00
-1.825743238693103843e+00
-1.766970512653275982e+00
-1.705663424398593531e+00
-1.641540694805980527e+00
-1.574256018132723423e+00
-1.503382016035333058e+00
-1.428385466527353209e+00
-1.348578645598141890e+00
-1.263045490216774480e+00
-1.170540132495935248e+00
-1.069255341569025131e+00
-9.564035050819911232e-01
-8.272603540601912719e-01
-6.725075114645352459e-01
-4.673608133271894838e-01
3.163263882317547508e-03
-8.088988901981442742e-03
4.112610834765256101e-04
-2.374415203375596257e-03
-7.535129805073470456e-05
4.758337357453165011e-04
9.833984631366704185e-04
9.473331136175701774e-04
-1.349400078802919650e-03
-1.055475545531109165e-03
-4.460875661507151570e-03
-3.127893242915858081e-03
-1.037982917743023948e-03
6.871271375095849322e-04
2.117802348649937706e-03
4.446033997586673267e-03
-3.999996448217485678e+00
-3.997235022300120288e+00
-3.988941945559861590e+00
-3.975082183787878698e+00
-3.955597470392596904e+00
-3.930404248945343681e+00
-3.899392152231552444e+00
-3.862421298932595448e+00
-3.819317921493214030e+00
-3.769872214306559943e+00
-3.713830865461006159e+00
-3.650890108057593064e+00
-3.580685559251578720e+00
-3.502780634066407384e+00
-3.416648831351383642e+00
-3.321650376254709602e+00
-3.217001307942578769e+00
-3.101722030942864361e+00
-2.974576038156541369e+00
-2.833970025620050848e+00
-2.677784536284072647e+00
-2.503102972583856278e+00
-2.305726144842042302e+00
-2.079200743875911250e+00
-2.079196249389542839e+00
-2.029350149990779340e+00
-1.977798264937337791e+00
-1.924403462810291954e+00
-1.869008373969434311e+00
-1.811428817758687471e+00
-1.751449698858652759e+00
-1.688814813607957710e+00
-1.623217506407450106e+00
-1.554282365941273003e+00
-1.481544609986020333e+00
-1.404415101299158142e+00
-1.322122943360886760e+00
-1.233632883062537378e+00
-1.137500660410056375e+00
-1.031592799030017993e+00
-9.125155731265743864e-01
-7.742125302824801603e-01
-6.036083473913643749e-01
-3.570718083334301629e-01
-1.273875288785996035e-03
3.316916528816612835e-04
-4.305649562934096733e-04
-4.461075556777278905e-03
3.340983830573362318e-03
-6.405479711102610987e-04
3.096242498552818521e-04
2.375726808960537759e-03
1.907557580751955252e-03
-4.370002571409330010e-04
3.008062238588140062e-04
-1.109207047427065171e-03
1.155942452667485255e-04
1.202331605820779344e-04
-3.999996315068482300e+00
-3.997225522774922268e+00
-3.988904094181416227e+00
-3.974995786896077909e+00
-3.955443669518737604e+00
-3.930163639246184282e+00
-3.899043842444768870e+00
-3.861943916509393393e+00
-3.818688331082648268e+00
-3.769065212787162444e+00
-3.712819800586024233e+00
-3.649645551824502565e+00
-3.579176069112245173e+00
-3.500970462048087040e+00
-3.414497242555184275e+00
-3.319110143061065887e+00
-3.214015745550462988e+00
-3.098226225137632461e+00
-2.970490701696729907e+00
-2.829190196628109444e+00
-2.672174305982185416e+00
-2.496482478140369832e+00
-2.297836389807062396e+00
-2.069634195182418424e+00
-2.069630393937447632e+00
-2.020532813441394904e+00
-1.969778210022975706e+00
-1.917235738704386350e+00
-1.862753323528530291e+00
-1.806155511195713936e+00
-1.747239940598932284e+00
-1.685760477924398648e+00
-1.621425070726566720e+00
-1.553880320704500884e+00
-1.482687745742721663e+00
-1.407293042867487687e+00
-1.326982443221520924e+00
-1.240800814542412756e+00
-1.147425869388979169e+00
-1.044931560814304161e+00
-9.303063040405445960e-01
-7.983420998781713962e-01
-6.383736725259061551e-01
-4.195081485244950281e-01
6.079147368813295031e-03
6.172314429684723491e-03
-5.638331409913277645e-05
-4.045828833434193090e-04
3.450961872385480047e-03
-2.388175185853950045e-03
1.466726052425304776e-03
2.951480135385231812e-04
-3.416762812363766805e-03
2.438801888209204960e-03
9.008288388243514523e-04
-1.034312192754854734e-03
2.254890113038326375e-03
-3.999996202849126714e+00
-3.997442880440415180e+00
-3.989775667709932971e+00
-3.976961185407082766e+00
-3.958955224498437619e+00
-3.935686574693153528e+00
-3.907059379576436342e+00
-3.872954894956559091e+00
-3.833227136206207142e+00
-3.787698927331880849e+00
-3.736158366525246688e+00
-3.678352569640556791e+00
-3.613980888174437300e+00
-3.542685523639125922e+00
-3.464039551807912343e+00
-3.377528963635001880e+00
-3.282532402277780204e+00
-3.178288207194487125e+00
-3.063852649822913943e+00
-2.938034624867563949e+00
-2.799300159070080785e+00
-2.645618270885887302e+00
-2.474206865361960439e+00
-2.281071015229691135e+00
-2.060108886894584046e+00
-2.060103930961741714e+00
-2.010117867977254669e+00
-1.958411149219055680e+00
-1.904842833035523597e+00
-1.849253050261394637e+00
-1.791452718042248371e+00
-1.731219772089537479e+00
-1.668291192382435728e+00
-1.602349235901099789e+00
-1.533005767181847556e+00
-1.459778452210536592e+00
-1.382046265181455347e+00
-1.299000505179050302e+00
-1.209548288685698303e+00
-1.112145663062428236e+00
-1.004480074956184854e+00
-8.828083770555531506e-01
-7.402534545252005271e-01
-5.611140528726306087e-01
-2.828034036692643749e-01
-1.766873838352304646e-03
-2.614456082490328181e-03
2.968104925529310798e-03
-3.625935739773454569e-03
1.294389413167514047e-03
3.268362947177498676e-03
1.059872755435592234e-03
-3.739304249423935217e-03
-1.979461348531302844e-03
-2.105722512587097309e-03
-2.182093030665726869e-03
-3.999996177255716656e+00
-3.997434379755705702e+00
-3.989741809721101706e+00
-3.976884950523177586e+00
-3.958818527665698639e+00
-3.935471760032916766e+00
-3.906747504177883634e+00
-3.872526482136105841e+00
-3.832661648141832078e+00
-3.786974452712982941e+00
-3.735251514659529537e+00
-3.677237978034133103e+00
-3.612632328849676000e+00
-3.541071527630458959e+00
-3.462124185087402495e+00
-3.375272568717930799e+00
-3.279890075441652009e+00
-3.175207289010413714e+00
-3.060268794873086673e+00
-2.933870719202700261e+00
-2.794457543186924742e+00
-2.639968315118723208e+00
-2.467574017761566374e+00
-2.273203148935194484e+00
-2.050617575129780157e+00
-2.050613055034061993e+00
-2.001467333291914397e+00
-1.950656102171965944e+00
-1.898046199125480449e+00
-1.843483936962909242e+00
-1.786790799811763586e+00
-1.727756439985197012e+00
-1.666131869782828012e+00
-1.601619014496521665e+00
-1.533853054470926125e+00
-1.462381222364707467e+00
-1.386631616350546770e+00
-1.305859582203576341e+00
-1.219066676933946214e+00
-1.124863919303110915e+00
-1.021197581991505121e+00
-9.048182009481925414e-01
-7.699864388739224852e-01
-6.044822122241131357e-01
-3.691193610726345997e-01
4.057665939458969181e-03
-5.545072047124233183e-04
-4.702448086559952480e-03
-2.249271222362371307e-03
2.614085117194602480e-03
8.380534945058649206e-04
-3.900799095046850965e-03
-1.932778429301153233e-03
-3.211034329079336461e-03
-4.145097156274579579e-03
-3.999996001159677572e+00
-3.997425726769779253e+00
-3.989708228023345349e+00
-3.976811566062246950e+00
-3.958686805943533393e+00
-3.935262341173669132e+00
-3.906442121863618500e+00
-3.872105623875742975e+00
-3.832104860526227341e+00
-3.786260195786104177e+00
-3.734356195821878721e+00
-3.676136755910657694e+00
-3.611295997622719689e+00
-3.539470018887181713e+00
-3.460224632351473151e+00
-3.373035979591435307e+00
-3.277269480935382173e+00
-3.172149641398758213e+00
-3.056711418840268202e+00
-2.929735401053922050e+00
-2.789646528133546521e+00
-2.634352525298821579e+00
-2.460980080244144386e+00
-2.265378765941906014e+00
-2.041167731345749914e+00
-2.041163132409714365e+00
-1.992926300954382945e+00
-1.943084045101853619e+00
-1.891509303944145293e+00
-1.838057646628413533e+00
-1.782562699611784485e+00
-1.724822085981652320e+00
-1.664601590625551131e+00
-1.601623527448994500e+00
-1.535548827171032027e+00
-1.465959292598208785e+00
-1.392327252307033358e+00
-1.313973453413796122e+00
-1.229996391906260866e+00
-1.139152809854917736e+00
-1.039644225146992618e+00
-9.286901981149179308e-01
-8.015566043959297948e-01
-6.487956712190117159e-01
-4.447213089282375242e-01
-2.939998895070978363e-04
3.293860807348481488e-03
2.230186202886254992e-03
-1.294605963667783697e-03
1.021427906103269771e-03
1.379048907071206897e-03
1.005509052230085408e-03
1.575205658488270462e-04
-2.505070640557026016e-04
-3.999996039884041288e+00
-3.997417095032952616e+00
-3.989674525988474496e+00
-3.976734065751513114e+00
-3.958548980775979054e+00
-3.935047988209118053e+00
-3.906132484431192431e+00
-3.871681486060210009e+00
-3.831546045377896892e+00
-3.785545027209691771e+00
-3.733461649645959390e+00
-3.675037605476878522e+00
-3.609964769009361696e+00
-3.537876379081952294e+00
-3.458333886458114126e+00
-3.370811387064149844e+00
-3.274665039393569455e+00
-3.169111548272591783e+00
-3.053177065790869005e+00
-2.925626586854392031e+00
-2.784864611099525877e+00
-2.628769417117247542e+00
-2.454417142228110027e+00
-2.257581350991548330e+00
-2.031737459797047674e+00
-2.031729582326287087e+00
-1.982551750742017616e+00
-1.931701434255843619e+00
-1.879044052185197433e+00
-1.824421068027798798e+00
-1.767649139008282244e+00
-1.708521263756445530e+00
-1.646782901686528522e+00
-1.582119712406902856e+00
-1.514158973614034842e+00
-1.442437268574656706e+00
-1.366361616685394242e+00
-1.285159678569454567e+00
-1.197788610026401690e+00
-1.102783297985763244e+00
-9.979677463956412309e-01
-8.798379112344073549e-01
-7.420667202281637786e-01
-5.706038326951554662e-01
-3.144408954037173909e-01
2.586250038933998394e-03
1.854135804508031619e-03
4.280012389892462503e-05
1.904590346925356557e-04
-3.197998066665079780e-03
2.786659477660214258e-03
-2.771787898102218411e-03
-3.999995972543276768e+00
-3.997611427826611941e+00
-3.990453960441882497e+00
-3.978492862922137885e+00
-3.961689826385507374e+00
-3.939984232690965094e+00
-3.913292279821764641e+00
-3.881510436069502745e+00
-3.844512709337026379e+00
-3.802146876850225787e+00
-3.754231432815377190e+00
-3.700550557533838436e+00
-3.640849283660883451e+00
-3.574826140267648000e+00
-3.502123742410594431e+00
-3.422316551537637253e+00
-3.334893821725562368e+00
-3.239239324196906633e+00
-3.134599855645313848e+00
-3.020042224251367369e+00
-2.894384941797237154e+00
-2.756114755348713530e+00
-2.603223260779696790e+00
-2.432953427605706320e+00
-2.241350851786253706e+00
-2.022356849413977198e+00
-2.022351225658148621e+00
-1.974206478222451100e+00
-1.924458600570847500e+00
-1.872979527890338725e+00
-1.819621103234140280e+00
-1.764213463985220276e+00
-1.706557088937351363e+00
-1.646415369031734466e+00
-1.583504048746446902e+00
-1.517480948199404933e+00
-1.447919740418099011e+00
-1.374280261946091652e+00
-1.295874130858352347e+00
-1.211768393863903448e+00
-1.120682052859043987e+00
-1.020752053633134482e+00
-9.090644394552420682e-01
-7.805895909370994534e-01
-6.250676937701813429e-01
-4.129785375314758977e-01
-5.694010586500489884e-04
-3.739167668961133721e-03
1.216190045944366390e-03
-7.963947432196682823e-04
1.653698989721370501e-03
9.585699778164991471e-04
-3.999995836001077443e+00
-3.997603547922927714e+00
-3.990422828067608396e+00
-3.978426667644227699e+00
-3.961572046338333042e+00
-3.939796882309888115e+00
-3.913019057397337797e+00
-3.881134604484554274e+00
-3.844016195853255269e+00
-3.801510439644708139e+00
-3.753434536414448797e+00
-3.699571220171570918e+00
-3.639663647848140560e+00
-3.573407865355162194e+00
-3.500443413832218909e+00
-3.420341210280521960e+00
-3.332586447137570129e+00
-3.236556992304834068e+00
-3.131490901583509512e+00
-3.016444881329376049e+00
-2.890228139142490438e+00
-2.751302202176561629e+00
-2.597628719885466175e+00
-2.426407558584893653e+00
-2.233609795673537679e+00
-2.013041421195689296e+00
-2.013035750231533694e+00
-1.963844244747263934e+00
-1.912973803761879310e+00
-1.860287232307171523e+00
-1.805624519391943572e+00
-1.748800712450086614e+00
-1.689597368020032908e+00
-1.627754538830389563e+00
-1.562959167835772600e+00
-1.494827958826459247e+00
-1.422883664435059758e+00
-1.346513405756483817e+00
-1.264911094067197705e+00
-1.176997588318563270e+00
-1.081226926415669087e+00
-9.752859685076024077e-01
-8.554091392288076801e-01
-7.146272301186281650e-01
-5.367219243073485524e-01
-2.526794573889175055e-01
1.656541794499388678e-03
8.015390856362714144e-06
2.616772362321548046e-04
7.692849296382782117e-04
-3.999995662622753301e+00
-3.997596000974900310e+00
-3.990392975121745955e+00
-3.978359564333934451e+00
-3.961452249849939822e+00
-3.939608678460764235e+00
-3.912745637995652892e+00
-3.880758919710342703e+00
-3.843520692025714336e+00
-3.800876497957175193e+00
-3.752641662732727923e+00
-3.698597783203643630e+00
-3.638486097767772875e+00
-3.571999783706816256e+00
-3.498775888080534635e+00
-3.418381209476983873e+00
-3.330297201813980923e+00
-3.233895015607840318e+00
-3.128405962347540648e+00
-3.012875702883976992e+00
-2.886098989652641666e+00
-2.746518582141691756e+00
-2.592066800694860618e+00
-2.419897658283393316e+00
-2.225904326895589591e+00
-2.003757358235563224e+00
-2.003751621307867659e+00
-1.955746142193477866e+00
-1.906140361255431293e+00
-1.854804293959620098e+00
-1.801591935063400207e+00
-1.746330055939651293e+00
-1.688818438798562749e+00
-1.628822200822250377e+00
-1.566054115586681394e+00
-1.500164725737684890e+00
-1.430722706066516636e+00
-1.357182949448568987e+00
-1.278841965911442058e+00
-1.194750176315816370e+00
-1.103591696367411279e+00
-1.003446828232436916e+00
-8.912900130784020547e-01
-7.618379991992898503e-01
-6.040724304354243568e-01
-3.845627801333654228e-01
-9.597096202453357736e-04
4.366673093206565465e-03
-3.167193603526778905e-03
-3.999995701906782219e+00
-3.997770021441681365e+00
-3.991090573372231276e+00
-3.979933989511250658e+00
-3.964262891813121747e+00
-3.944023052733905299e+00
-3.919144203388753578e+00
-3.889537330364710055e+00
-3.855092901472968681e+00
-3.815680204717432300e+00
-3.771143327491045749e+00
-3.721298589478306607e+00
-3.665929169396821674e+00
-3.604780878882658524e+00
-3.537553459387275723e+00
-3.463893278075528492e+00
-3.383380109215507581e+00
-3.295511508200919870e+00
-3.199682231956702871e+00
-3.095152206609292023e+00
-2.981006645510551500e+00
-2.856093981573528673e+00
-2.718929708281172530e+00
-2.567549458306050525e+00
-2.399265782496298627e+00
-2.210221827329051258e+00
-1.994521194474421666e+00
-1.994514753534715412e+00
-1.945316158650210570e+00
-1.894430836033905496e+00
-1.841720197892822375e+00
-1.787022344257958695e+00
-1.730149468078564956e+00
-1.670879101808738332e+00
-1.608944321267770983e+00
-1.544026910597745994e+00
-1.475736998686995705e+00
-1.403576140496074265e+00
-1.326914180688422595e+00
-1.244920984845874212e+00
-1.156462290841177909e+00
-1.059917875395983256e+00
-9.528270037892134781e-01
-8.311354267238934002e-01
-6.871359540146563250e-01
-5.019745876534472684e-01
-1.739338035641985469e-01
-1.738762554714380903e-01
-3.999995572149552814e+00
-3.997763329066327476e+00
-3.991063618633412080e+00
-3.979872857074025383e+00
-3.964153023675903942e+00
-3.943850464857585614e+00
-3.918894541470029580e+00
-3.889193842496033060e+00
-3.854640512023624677e+00
-3.815102373416846770e+00
-3.770422285467349255e+00
-3.720414942874442410e+00
-3.664862184577549531e+00
-3.603508160877873845e+00
-3.536050352803660424e+00
-3.462131699296039145e+00
-3.381329083013380199e+00
-3.293135596050304592e+00
-3.196939514773770696e+00
-3.091994244601666164e+00
-2.977374390886008637e+00
-2.851914219309974019e+00
-2.714111044845088472e+00
-2.561973144990030260e+00
-2.392767903916837025e+00
-2.202565660218625432e+00
-1.985340302143685509e+00
-1.985334193089036914e+00
-1.937521434665150144e+00
-1.888116727234605108e+00
-1.836991006671437221e+00
-1.783994879233464559e+00
-1.728955546065209736e+00
-1.671672619541219040e+00
-1.611908030377351420e+00
-1.549374393522878091e+00
-1.483720888564619145e+00
-1.414514319431326772e+00
-1.341203715508213268e+00
-1.263074487159427273e+00
-1.179170297613188367e+00
-1.088154617031340532e+00
-9.880634021766941943e-01
-8.757901164340637923e-01
-7.458531359502540425e-01
-5.866348393278987272e-01
-5.866156737309388136e-01
-3.999995624089789814e+00
-3.997756608678145973e+00
-3.991036669902567002e+00
-3.979812011989350307e+00
-3.964044739780948845e+00
-3.943680560696662507e+00
-3.918648037308786858e+00
-3.888851416594560462e+00
-3.854185898438955871e+00
-3.814521070049070151e+00
-3.769700277319631976e+00
-3.719533020956713010e+00
-3.663799287300545160e+00
-3.602241480512470950e+00
-3.534555308072314883e+00
-3.460381199038911948e+00
-3.379291393992792436e+00
-3.290775487924361364e+00
-3.194217125434198223e+00
-3.088859808249162064e+00
-2.973770850364862550e+00
-2.847768662210357515e+00
-2.709330600958037572e+00
-2.556437855281703087e+00
-2.386314596307692604e+00
-2.194957535285232630e+00
-1.976206238866460962e+00
-1.976198808823892872e+00
-1.926995674272606207e+00
-1.876100578494056315e+00
-1.823371015656333194e+00
-1.768643262414571593e+00
-1.711725260221159672e+00
-1.652390762559558857e+00
-1.590368614349999543e+00
-1.525331989405467104e+00
-1.456877456241427726e+00
-1.384497975698719463e+00
-1.307541835695229970e+00
-1.225145703417017007e+00
-1.136132586325902194e+00
-1.038796358647756657e+00
-9.305279189394390915e-01
-8.069396067958545249e-01
-8.069254370135001686e-01
-3.999995479219466521e+00
-3.997749685320496571e+00
-3.991009734256772301e+00
-3.979751648311769419e+00
-3.963937313085824865e+00
-3.943511713561152376e+00
-3.918403025255744243e+00
-3.888521666256810505e+00
-3.853755577802897569e+00
-3.813971430601256873e+00
-3.769010521894942123e+00
-3.718682841539318940e+00
-3.662768577465359776e+00
-3.601009600533720878e+00
-3.533098107027339729e+00
-3.458670792021137252e+00
-3.377297540625039840e+00
-3.288462639694323286e+00
-3.191543075485979486e+00
-3.085776651018827366e+00
-2.970218901355248242e+00
-2.843676479024986659e+00
-2.704608484537847080e+00
-2.550967345492368477e+00
-2.379931280637076707e+00
-2.187423953657948950e+00
-1.967150982366929091e+00
-1.967144270162410669e+00
-1.919604284554154328e+00
-1.870482817285148203e+00
-1.819652629412801925e+00
-1.766966766189395965e+00
-1.712253361318705425e+00
-1.655311006622357972e+00
-1.595904936870801150e+00
-1.533742566871709734e+00
-1.468475043508818967e+00
-1.399671328420665217e+00
-1.326784217603722116e+00
-1.249090311291523925e+00
-1.165630536763633929e+00
-1.075066249063625134e+00
-9.754258593006744915e-01
-9.754229763808205389e-01
-3.999995358459961459e+00
-3.997906698369783296e+00
-3.991639097280508697e+00
-3.981171927482036743e+00
-3.966471831783968227e+00
-3.947491483469891094e+00
-3.924168396542526249e+00
-3.896426742757988393e+00
-3.864170482736951850e+00
-3.827284951344650299e+00
-3.785635048298036320e+00
-3.739062959427427391e+00
-3.687381584026377279e+00
-3.630370427877001926e+00
-3.567774749102770038e+00
-3.499294856995510905e+00
-3.424577438243012750e+00
-3.343204282597973975e+00
-3.254679750459488208e+00
-3.158399946183246154e+00
-3.053631032614161800e+00
-2.939465620788353384e+00
-2.814760453150441766e+00
-2.678044422238710975e+00
-2.527370252363042802e+00
-2.360063491360964605e+00
-2.172283561808554087e+00
-1.958151846975977550e+00
-1.958145824732443030e+00
-1.908931796880261045e+00
-1.858016926246866207e+00
-1.805257136586148059e+00
-1.750486763328946926e+00
-1.693511064432673185e+00
-1.634098699924098508e+00
-1.571973451970432478e+00
-1.506800353353038746e+00
-1.438165144344117685e+00
-1.365551568389079318e+00
-1.288282048503178512e+00
-1.205454435340554964e+00
-1.115838584699491154e+00
-1.115836500378349694e+00
